04223 20240101  2.622 -121.45   48.54     5.9    -1.4     2.3     1.1     0.0     2.38 C     1.8    -5.7    -2.2    96.8    68.5    92.0   0.244   0.305   0.251   0.206   0.232     3.3     3.8     5.5     5.1     5.1
04223 20240102  2.622 -121.45   48.54     7.9     0.2     4.0     3.9     4.6     0.15 C     5.7    -2.8     2.5    95.8    69.2    91.2   0.246   0.301   0.247   0.202   0.229     3.2     3.4     4.8     4.5     4.7
04223 20240103  2.622 -121.45   48.54     8.0     3.6     5.8     5.4     6.9     0.93 C     9.1     1.7     4.7    95.7    83.1    93.9   0.269   0.316   0.254   0.210   0.233     4.3     4.1     5.0     4.5     4.5
04223 20240104  2.622 -121.45   48.54     6.2     4.4     5.3     5.2     8.8     0.53 C     7.8     3.3     4.9    95.9    93.6    95.3   0.289   0.337   0.267   0.222   0.238     4.7     4.6     5.3     4.7     4.6
04223 20240105  2.622 -121.45   48.54     5.3     2.6     4.0     4.0    18.9     0.31 C     6.4     1.8     3.8    95.8    93.5    95.0   0.284   0.340   0.270   0.227   0.241     4.6     4.6     5.4     4.8     4.7
04223 20240106  2.622 -121.45   48.54     4.6     0.3     2.4     2.5    12.4     0.81 C     6.0    -1.3     2.2    96.2    87.6    93.8   0.286   0.347   0.280   0.243   0.254     4.1     4.2     5.2     4.8     4.7
04223 20240107  2.622 -121.45   48.54     3.3    -0.5     1.4     1.0     0.0     1.23 C     4.9    -1.8     0.7    96.3    84.9    94.4   0.255   0.314   0.259   0.214   0.238     3.6     3.7     4.9     4.6     4.6
04223 20240108  2.622 -121.45   48.54     1.5    -0.2     0.7     0.4    25.4     0.33 C     2.5    -1.0     0.1    96.1    90.5    94.7   0.265   0.320   0.258   0.216   0.237     3.0     3.3     4.6     4.3     4.4
04223 20240109  2.622 -121.45   48.54     4.8     0.3     2.6     3.2    53.2     0.15 C     4.9    -0.1     2.3    96.3    86.2    92.1   0.303   0.374   0.311   0.272   0.275     2.7     2.8     3.9     3.7     3.9
04223 20240110  2.622 -121.45   48.54     5.2     1.8     3.5     2.7     3.5     2.08 C     8.7    -0.6     2.8    95.3    81.7    92.2   0.273   0.340   0.278   0.235   0.249     3.4     3.3     4.1     3.8     3.8
04223 20240111  2.622 -121.45   48.54     2.3   -10.7    -4.2    -2.7     7.7     0.71 C     1.4   -11.9    -3.4    94.7    41.4    74.0   0.271   0.331   0.267   0.223   0.242     2.6     2.9     4.1     3.8     3.8
04223 20240112  2.622 -121.45   48.54   -10.7   -15.4   -13.1   -13.6     0.0     2.86 C   -11.9   -17.3   -15.4    45.0    31.5    36.9 -99.000   0.304   0.256   0.212   0.237     0.6     1.4     3.4     3.3     3.6
04223 20240113  2.622 -121.45   48.54    -3.6   -14.0    -8.8    -8.4     0.0     2.75 C    -5.9   -15.8   -10.4    47.9    32.4    40.1 -99.000   0.283   0.246   0.200   0.230    -0.1     0.7     2.6     2.7     3.1
04223 20240114  2.622 -121.45   48.54    -3.0    -8.4    -5.7    -6.2     0.0     2.83 C    -5.1   -12.0    -8.5    79.6    41.6    52.0 -99.000   0.274   0.238   0.191   0.224    -0.4     0.4     2.2     2.2     2.6
04223 20240115  2.622 -121.45   48.54     1.8    -6.1    -2.2    -1.7     0.0     2.59 C    -0.1    -8.5    -4.7    76.6    36.5    53.1 -99.000   0.243   0.232   0.185   0.219    -0.4     0.2     2.0     1.9     2.3
04223 20240116  2.622 -121.45   48.54     3.9    -4.6    -0.4     0.2     1.6     3.42 C     2.7    -8.2    -1.8    88.9    47.3    64.8 -99.000   0.232   0.229   0.181   0.216    -0.4     0.1     1.8     1.7     2.1
04223 20240117  2.622 -121.45   48.54     0.5    -1.6    -0.6    -0.7    32.5     0.00 C    -0.1    -3.0    -1.3    91.3    70.6    84.1 -99.000 -99.000   0.229   0.182   0.215    -0.2     0.1     1.7     1.6     1.9
04223 20240118  2.622 -121.45   48.54     2.2    -1.5     0.4     0.3     0.0     0.52 C     0.1    -5.0    -1.7    91.5    59.2    70.7 -99.000 -99.000   0.231   0.184   0.216    -0.2     0.1     1.6     1.5     1.8
04223 20240119  2.622 -121.45   48.54     2.8     0.1     1.5     1.0     7.9     0.56 C     0.5    -0.9     0.0    95.7    87.5    93.5 -99.000 -99.000   0.236   0.189   0.217    -0.2     0.1     1.6     1.4     1.7
04223 20240120  2.622 -121.45   48.54     6.6     0.4     3.5     2.1     0.0     2.75 C     2.1    -1.1     0.3    95.8    79.1    93.8 -99.000 -99.000   0.246   0.198   0.223    -0.2     0.1     1.5     1.3     1.6
04223 20240121  2.622 -121.45   48.54     5.4     1.3     3.3     2.5     9.9     1.44 C     1.8     0.2     0.5    96.1    92.0    95.4 -99.000 -99.000   0.264   0.221   0.231    -0.2     0.1     1.4     1.3     1.5
04223 20240122  2.622 -121.45   48.54     5.1     1.3     3.2     2.8    16.3     0.67 C     1.7     0.3     0.7    96.1    95.0    95.9 -99.000 -99.000   0.291   0.255   0.259    -0.2     0.1     1.3     1.1     1.3
04223 20240123  2.622 -121.45   48.54     6.1     0.6     3.3     3.1     8.6     1.31 C     2.9    -1.0     0.9    96.2    95.4    95.9 -99.000 -99.000   0.290   0.252   0.257    -0.2     0.0     1.2     1.0     1.2
04223 20240124  2.622 -121.45   48.54     4.9     0.4     2.7     2.9    12.2     0.47 C     3.0    -1.2     1.1    96.4    94.3    95.7 -99.000 -99.000   0.284   0.244   0.251    -0.1     0.1     1.2     1.0     1.2
04223 20240125  2.622 -121.45   48.54     5.6     1.4     3.5     3.4    11.0     1.00 C     4.4     0.0     1.8    96.2    94.4    95.7 -99.000 -99.000   0.289   0.249   0.254    -0.1     0.1     1.2     0.9     1.1
04223 20240126  2.622 -121.45   48.54     8.5     1.8     5.1     4.8     9.1     2.10 C     8.7     0.3     3.8    96.2    80.7    94.4 -99.000 -99.000   0.281   0.239   0.250     0.0     0.1     1.2     0.9     1.1
04223 20240127  2.622 -121.45   48.54     8.6     4.8     6.7     6.4    24.6     0.65 C     9.8     3.6     5.7    95.3    89.9    93.9   0.326   0.331   0.292   0.254   0.258     0.7     0.5     1.3     1.0     1.1
04223 20240128  2.622 -121.45   48.54    10.2     6.1     8.1     8.0    32.6     1.21 C    11.8     5.5     7.8    95.3    89.2    93.7   0.314   0.368   0.303   0.263   0.267     3.6     2.8     2.5     1.7     1.4
04223 20240129  2.622 -121.45   48.54    11.4     5.6     8.5     8.5     1.0     1.79 C    11.6     3.6     7.7    95.1    83.8    92.1   0.267   0.333   0.268   0.223   0.243     4.2     3.7     3.5     2.6     2.1
04223 20240130  2.622 -121.45   48.54    10.8     6.8     8.8     8.9     1.1     0.75 C    11.0     5.0     7.9    95.7    76.1    91.0   0.261   0.324   0.260   0.215   0.238     4.7     4.2     4.0     3.1     2.7
04223 20240131  2.622 -121.45   48.54    10.5     7.7     9.1     8.9     8.4     0.18 C     9.6     6.8     8.0    95.3    75.8    92.3   0.268   0.332   0.263   0.218   0.238     5.1     4.6     4.4     3.6     3.1
04223 20240201  2.622 -121.45   48.54     9.3     5.3     7.3     7.6     4.5     0.62 C    10.4     2.4     6.9    95.8    91.9    94.9   0.280   0.335   0.267   0.222   0.240     5.2     4.8     4.8     3.9     3.5
04223 20240202  2.622 -121.45   48.54    10.0     4.9     7.5     6.6     0.5     2.54 C    13.1     0.9     6.1    95.9    84.7    94.2   0.255   0.323   0.261   0.216   0.238     5.0     4.7     4.9     4.1     3.8
04223 20240203  2.622 -121.45   48.54     8.5     2.6     5.5     5.4     0.0     2.90 C    10.8     0.5     5.0    96.2    75.9    92.5   0.248   0.312   0.254   0.209   0.234     4.6     4.4     4.8     4.1     3.9
04223 20240204  2.622 -121.45   48.54    10.9     2.3     6.6     5.7     0.0     4.14 C    12.7    -0.1     3.7    95.7    40.3    77.5   0.248   0.304   0.250   0.204   0.231     4.4     4.3     4.9     4.2     4.0
04223 20240205  2.622 -121.45   48.54     9.6     3.4     6.5     6.7     0.0     1.82 C    10.7     0.3     4.9    92.2    46.9    64.0   0.235   0.299   0.246   0.200   0.228     4.0     3.9     4.6     4.1     3.9
04223 20240206  2.622 -121.45   48.54     6.5     3.3     4.9     4.5     2.0     1.40 C     8.7     2.7     4.6    95.5    85.8    92.6   0.240   0.298   0.245   0.198   0.226     4.3     4.1     4.7     4.1     3.9
04223 20240207  2.622 -121.45   48.54     7.1     3.5     5.3     4.8     0.0     1.77 C     9.1     2.5     4.8    95.6    77.8    92.5   0.240   0.296   0.244   0.197   0.226     4.5     4.3     4.8     4.1     4.0
04223 20240208  2.622 -121.45   48.54     7.8     2.5     5.1     4.1     3.7     2.70 C    12.5     1.2     3.9    95.9    67.3    91.1   0.234   0.296   0.243   0.196   0.225     4.4     4.2     4.8     4.2     4.0
04223 20240209  2.622 -121.45   48.54     7.7    -0.7     3.5     3.5     1.0     4.90 C    12.7    -2.8     3.2    95.7    60.6    88.9   0.267   0.307   0.248   0.201   0.227     4.4     4.3     4.8     4.2     4.1
04223 20240210  2.622 -121.45   48.54     9.4    -0.9     4.2     3.7     0.0     4.15 C    11.1    -3.2     3.4    95.6    44.8    83.9   0.248   0.300   0.246   0.200   0.227     3.7     3.8     4.6     4.1     4.1
04223 20240211  2.622 -121.45   48.54     7.2     4.1     5.6     5.3    16.4     1.22 C     9.3     3.6     5.3    95.5    88.2    93.8   0.275   0.334   0.263   0.215   0.232     4.5     4.2     4.7     4.1     4.0
04223 20240212  2.622 -121.45   48.54     9.9     0.5     5.2     5.4     2.6     3.05 C    13.3    -2.5     4.6    95.9    73.1    92.4   0.278   0.342   0.273   0.226   0.239     4.8     4.6     5.0     4.3     4.1
04223 20240213  2.622 -121.45   48.54    10.2    -1.5     4.3     3.8     0.0     5.38 C     8.7    -5.2     0.4    96.2    30.1    65.3   0.263   0.319   0.260   0.213   0.235     3.2     3.5     4.7     4.2     4.2
04223 20240214  2.622 -121.45   48.54     7.9     3.4     5.6     5.3     0.0     3.96 C     8.8    -0.4     3.0    40.9    24.7    32.5   0.245   0.307   0.253   0.206   0.231     2.7     2.9     4.1     3.9     3.9
04223 20240215  2.622 -121.45   48.54     5.8     2.7     4.2     4.5     0.0     2.04 C     6.9    -0.1     3.1    64.8    32.4    44.8   0.246   0.299   0.248   0.201   0.229     2.8     2.9     4.0     3.7     3.7
04223 20240216  2.622 -121.45   48.54    10.6     2.3     6.5     5.9     0.0     5.90 C    10.7    -1.1     2.6    43.8    22.1    32.6   0.237   0.294   0.244   0.197   0.226     2.3     2.5     3.7     3.5     3.5
04223 20240217  2.622 -121.45   48.54    13.0     3.7     8.4     7.8     0.0     4.08 C    13.9    -1.4     5.1    75.7    14.4    31.7   0.236   0.290   0.241   0.194   0.224     2.8     2.7     3.7     3.3     3.4
04223 20240218  2.622 -121.45   48.54    11.2     1.2     6.2     5.9     0.0     2.61 C    14.2    -2.8     4.8    92.8    39.1    67.5   0.246   0.286   0.239   0.191   0.222     3.6     3.4     4.0     3.5     3.4
04223 20240219  2.622 -121.45   48.54    12.7    -0.2     6.2     5.4     0.2     1.89 C    13.7    -3.2     3.7    95.8    42.3    82.3   0.227   0.284   0.237   0.189   0.220     3.4     3.3     4.1     3.6     3.6
04223 20240220  2.622 -121.45   48.54     9.8     3.4     6.6     6.5     0.6     2.02 C    11.7     0.3     6.1    95.8    81.3    91.6   0.228   0.283   0.236   0.188   0.219     4.3     4.0     4.4     3.8     3.6
04223 20240221  2.622 -121.45   48.54    12.2     4.4     8.3     7.4     2.8     4.17 C    15.0     2.8     7.2    95.7    61.2    88.4   0.233   0.285   0.235   0.187   0.218     5.0     4.6     4.8     4.1     3.9
04223 20240222  2.622 -121.45   48.54    12.9     1.4     7.1     6.9     1.1     5.04 C    16.5    -2.2     5.5    95.8    55.5    88.4   0.257   0.296   0.240   0.192   0.221     5.4     5.1     5.2     4.5     4.1
04223 20240223  2.622 -121.45   48.54    13.5    -1.0     6.3     5.1     0.0     6.80 C    14.1    -4.5     2.4    96.1    47.8    81.6   0.233   0.291   0.240   0.192   0.221     3.8     4.0     4.9     4.4     4.3
04223 20240224  2.622 -121.45   48.54     7.7     4.4     6.0     6.0    17.2     1.84 C    10.2     3.1     6.1    95.3    88.8    93.4   0.267   0.315   0.248   0.199   0.223     4.7     4.4     4.9     4.3     4.2
04223 20240225  2.622 -121.45   48.54     5.9     0.8     3.4     4.1    38.3     0.08 C     5.4    -0.2     3.7    95.5    77.8    92.7   0.316   0.371   0.298   0.259   0.262     4.8     4.7     5.2     4.6     4.4
04223 20240226  2.622 -121.45   48.54     5.6    -0.2     2.7     1.4     3.3     4.07 C     9.9    -1.5     1.3    95.6    52.3    87.7   0.276   0.331   0.269   0.223   0.242     3.9     4.0     4.9     4.5     4.3
04223 20240227  2.622 -121.45   48.54     4.5    -1.8     1.3     0.6     9.4     4.91 C     9.9    -6.0     0.6    95.8    55.1    88.0   0.249   0.320   0.260   0.213   0.236     3.7     3.8     4.7     4.2     4.2
04223 20240228  2.622 -121.45   48.54     2.8     0.0     1.4     0.7    53.3     0.00 C     0.7    -0.1     0.1    96.2    95.3    95.9   0.315   0.361   0.302   0.261   0.261     2.5     2.9     4.1     3.9     4.0
04223 20240229  2.622 -121.45   48.54     6.2     0.1     3.2     2.2    18.8     3.85 C     8.0    -0.1     1.7    95.9    75.4    93.2   0.324   0.367   0.307   0.267   0.263     2.1     2.2     3.3     3.2     3.4
04223 20240301  2.622 -121.45   48.54     6.3     0.0     3.1     2.2     6.2     6.09 C    11.4    -1.0     2.5    95.9    71.2    91.6   0.303   0.346   0.281   0.233   0.247     3.1     3.0     3.7     3.3     3.3
04223 20240302  2.622 -121.45   48.54     7.0     0.0     3.5     2.1     3.6     4.37 C    11.7    -0.8     2.1    95.7    50.6    88.3   0.286   0.330   0.267   0.220   0.240     3.1     3.1     3.9     3.4     3.4
04223 20240303  2.622 -121.45   48.54     4.5    -0.2     2.1     1.7     0.6     3.52 C     7.2    -1.1     2.0    95.7    72.6    89.4   0.276   0.320   0.261   0.213   0.237     3.2     3.1     3.9     3.5     3.4
04223 20240304  2.622 -121.45   48.54     4.3    -2.2     1.0     0.8     7.3     3.35 C     7.2    -6.2     0.1    95.8    84.6    94.5   0.293   0.332   0.267   0.219   0.238     2.8     2.9     3.9     3.5     3.4
04223 20240305  2.622 -121.45   48.54     6.5    -4.5     1.0    -0.4     0.0     9.07 C     8.9    -8.4    -2.6    95.1    40.0    82.0   0.277   0.322   0.263   0.216   0.238     1.5     2.0     3.4     3.2     3.3
04223 20240306  2.622 -121.45   48.54     5.4    -4.2     0.6     0.2     0.0     6.23 C    11.8    -8.1    -0.6    94.8    38.3    81.3   0.264   0.309   0.255   0.208   0.234     1.1     1.5     2.9     2.8     2.9
04223 20240307  2.622 -121.45   48.54     8.2    -2.7     2.8     1.3     0.0     9.60 C    13.5    -6.7    -0.2    94.1    36.4    74.2   0.260   0.304   0.250   0.203   0.231     1.4     1.6     2.8     2.6     2.7
04223 20240308  2.622 -121.45   48.54     6.1    -0.4     2.8     2.8     1.3     2.98 C     9.3    -1.4     3.0    94.5    80.9    90.2   0.259   0.300   0.248   0.200   0.228     2.1     2.0     2.9     2.6     2.6
04223 20240309  2.622 -121.45   48.54     7.8     0.7     4.2     4.0     5.9     2.33 C    11.5    -1.0     3.7    96.0    83.1    92.8   0.270   0.307   0.249   0.200   0.227     2.9     2.7     3.3     2.8     2.7
04223 20240310  2.622 -121.45   48.54     7.7     3.1     5.4     4.9     9.1     3.51 C    12.0     2.6     5.6    95.2    75.7    92.6   0.300   0.333   0.265   0.217   0.235     3.9     3.6     3.8     3.2     3.0
04223 20240311  2.622 -121.45   48.54     7.2     3.7     5.4     5.1     6.3     3.12 C    10.1     2.9     5.3    95.6    80.4    91.2   0.296   0.333   0.269   0.222   0.238     4.4     4.1     4.3     3.7     3.4
04223 20240312  2.622 -121.45   48.54     8.5     2.7     5.6     4.1    15.9     2.89 C    14.5     2.6     4.6    95.7    78.6    93.3   0.318   0.356   0.286   0.244   0.244     4.4     4.2     4.6     3.9     3.7
04223 20240313  2.622 -121.45   48.54     9.2     0.7     5.0     4.4     0.2     7.22 C    16.4    -2.2     5.0    96.0    57.2    88.0   0.290   0.335   0.274   0.227   0.242     4.8     4.6     4.8     4.1     3.9
04223 20240314  2.622 -121.45   48.54    13.5    -1.0     6.2     4.8     0.0    10.84 C    20.1    -3.7     3.9    95.9    35.0    80.3   0.271   0.314   0.259   0.212   0.236     4.2     4.1     4.8     4.2     4.0
04223 20240315  2.622 -121.45   48.54    19.7     0.9    10.3     7.9     0.0    10.73 C    25.9    -1.8     6.7    95.7    33.3    77.2   0.262   0.305   0.253   0.205   0.231     4.7     4.4     4.8     4.2     4.0
04223 20240316  2.622 -121.45   48.54    23.7     3.2    13.4    10.5     0.0    10.92 C    27.3    -0.8     7.9    93.6    23.7    67.5   0.257   0.298   0.248   0.200   0.229     5.3     4.9     5.1     4.4     4.2
04223 20240317  2.622 -121.45   48.54    22.5     2.7    12.6    10.4     0.0    11.08 C    29.3    -1.0     8.1    92.1    27.2    68.3   0.252   0.293   0.245   0.196   0.226     5.6     5.2     5.4     4.7     4.4
04223 20240318  2.622 -121.45   48.54    21.7     2.9    12.3    10.2     0.0    11.36 C    29.9    -0.8     8.0    94.0    32.8    71.0   0.249   0.288   0.242   0.193   0.223     5.8     5.4     5.7     4.9     4.6
04223 20240319  2.622 -121.45   48.54    21.1     2.1    11.6    10.3     0.0    11.63 C    28.5    -1.8     8.4    95.0    30.2    70.1   0.247   0.284   0.240   0.190   0.221     6.0     5.6     5.9     5.1     4.8
04223 20240320  2.622 -121.45   48.54    12.9     4.5     8.7     9.0     0.4     5.76 C    18.9     0.3     9.1    92.2    53.6    75.9   0.245   0.282   0.237   0.188   0.219     6.5     6.1     6.2     5.4     5.0
04223 20240321  2.622 -121.45   48.54    14.8     6.4    10.6     9.0     1.6    11.32 C    23.3     4.6     9.6    94.9    48.9    81.1   0.247   0.283   0.236   0.187   0.218     7.4     6.9     6.6     5.8     5.3
04223 20240322  2.622 -121.45   48.54    14.5     4.8     9.6     9.0     0.6     4.05 C    16.9     1.5     8.5    94.0    48.7    80.8   0.245   0.281   0.236   0.186   0.217     7.2     6.9     6.9     6.1     5.6
04223 20240323  2.622 -121.45   48.54     8.3     5.9     7.1     7.2    20.5     1.77 C    11.4     4.6     7.4    95.3    84.0    94.1   0.294   0.331   0.263   0.212   0.225     7.2     6.9     7.0     6.3     5.8
04223 20240324  2.622 -121.45   48.54    14.3     2.1     8.2     7.1     0.0    12.97 C    22.7    -0.9     6.7    96.1    36.2    80.9   0.283   0.329   0.269   0.222   0.236     7.0     6.8     7.1     6.3     6.0
04223 20240325  2.622 -121.45   48.54     9.7     3.8     6.7     6.4     4.6     5.27 C    14.9     2.3     7.1    94.6    71.0    89.8   0.272   0.314   0.258   0.210   0.232     6.8     6.6     7.0     6.3     6.0
04223 20240326  2.622 -121.45   48.54    11.4     3.2     7.3     6.4     5.2     8.81 C    19.5     0.3     7.2    95.4    64.4    90.3   0.293   0.328   0.263   0.215   0.233     7.3     7.1     7.2     6.5     6.1
04223 20240327  2.622 -121.45   48.54     6.4     2.1     4.3     4.4    23.5     1.65 C     8.1     0.2     4.4    95.8    90.3    93.6   0.312   0.353   0.284   0.242   0.246     6.2     6.2     7.0     6.4     6.2
04223 20240328  2.622 -121.45   48.54    12.0     2.7     7.3     6.2     4.5     8.12 C    19.6     0.4     6.9    95.9    52.3    88.7   0.294   0.336   0.272   0.225   0.242     6.7     6.5     6.8     6.2     6.0
04223 20240329  2.622 -121.45   48.54    13.8     1.6     7.7     6.9     0.2    12.62 C    25.0    -2.1     7.1    95.4    39.5    82.4   0.281   0.324   0.265   0.217   0.238     7.3     7.0     7.2     6.5     6.1
04223 20240330  2.622 -121.45   48.54    15.5    -0.8     7.4     6.5     0.0    14.23 C    25.9    -4.0     6.3    95.9    30.1    73.7   0.266   0.309   0.255   0.207   0.233     6.5     6.4     7.1     6.5     6.2
04223 20240331  2.622 -121.45   48.54    17.2    -0.9     8.2     7.4     0.0    14.49 C    27.3    -3.6     7.2    95.3    25.7    72.1   0.258   0.299   0.249   0.201   0.228     6.6     6.5     7.0     6.4     6.2
04223 20240401  2.622 -121.45   48.54    18.2     3.3    10.7     9.4     0.0     7.93 C    29.3    -0.8     9.5    92.6    36.1    74.3   0.252   0.292   0.245   0.196   0.225     7.4     7.0     7.2     6.5     6.3
04223 20240402  2.622 -121.45   48.54    22.5     5.5    14.0    12.9     5.7    14.72 C    35.3     2.9    13.7    91.8    21.0    63.2   0.250   0.287   0.241   0.192   0.222     8.9     8.2     7.8     6.9     6.5
04223 20240403  2.622 -121.45   48.54     9.6     3.9     6.8     6.1     2.3    11.60 C    20.6     2.6     7.0    94.7    52.7    80.4   0.280   0.312   0.251   0.199   0.225     8.5     8.3     8.3     7.5     6.9
04223 20240404  2.622 -121.45   48.54     8.6     2.1     5.3     5.4     1.1     7.28 C    17.5    -1.1     6.5    94.4    61.0    84.6   0.262   0.301   0.248   0.199   0.226     7.6     7.6     8.0     7.4     7.0
04223 20240405  2.622 -121.45   48.54     8.5     4.6     6.5     6.1     0.9     3.18 C    10.6     4.0     6.8    94.9    74.2    88.7   0.261   0.298   0.245   0.196   0.224     7.6     7.5     7.9     7.3     6.9
04223 20240406  2.622 -121.45   48.54    10.0     4.6     7.3     6.5     1.2     6.09 C    17.0     3.7     7.4    94.9    62.3    85.8   0.260   0.296   0.244   0.195   0.223     7.7     7.5     7.9     7.3     6.9
04223 20240407  2.622 -121.45   48.54    11.4     5.1     8.3     7.2     7.1    10.02 C    19.6     4.3     8.6    94.9    66.3    87.5   0.267   0.300   0.244   0.195   0.223     8.3     8.0     8.1     7.4     7.0
04223 20240408  2.622 -121.45   48.54     8.7     4.8     6.7     6.5    24.6     4.91 C    14.0     4.5     7.7    95.1    69.6    90.6   0.305   0.336   0.267   0.219   0.234     8.2     8.1     8.3     7.6     7.2
04223 20240409  2.622 -121.45   48.54    11.7     1.9     6.8     6.8     7.3     7.16 C    16.3    -1.3     6.9    95.5    58.8    87.2   0.303   0.346   0.283   0.239   0.251     8.0     8.0     8.3     7.7     7.4
04223 20240410  2.622 -121.45   48.54    16.7     0.4     8.6     7.9     0.0    17.84 C    26.9    -2.1     8.6    95.9    27.2    73.7   0.272   0.314   0.259   0.211   0.235     8.0     7.9     8.2     7.6     7.3
04223 20240411  2.622 -121.45   48.54    15.0     2.7     8.9     8.0     2.4     7.33 C    22.3    -0.6     8.4    94.9    41.8    80.2   0.263   0.303   0.251   0.202   0.230     8.1     8.0     8.4     7.7     7.4
04223 20240412  2.622 -121.45   48.54    18.1     4.9    11.5    10.1     0.0    17.35 C    28.4     0.7    10.6    95.2    39.6    76.4   0.262   0.300   0.248   0.199   0.227     9.3     8.9     8.7     7.9     7.5
04223 20240413  2.622 -121.45   48.54    20.0     1.8    10.9    10.6     0.0    18.27 C    30.4    -1.3    10.7    95.4    41.8    74.0   0.252   0.291   0.244   0.195   0.224     9.2     9.0     9.0     8.1     7.7
04223 20240414  2.622 -121.45   48.54    20.5     2.2    11.4    11.0     0.0    18.08 C    30.4    -0.9    10.6    95.6    31.8    66.5   0.245   0.284   0.239   0.190   0.220     9.5     9.2     9.2     8.4     7.9
04223 20240415  2.622 -121.45   48.54    13.1     6.6     9.9     8.7     0.3    10.63 C    21.1     4.4     9.3    87.4    43.1    66.3   0.242   0.279   0.235   0.186   0.217     9.4     9.3     9.4     8.6     8.1
04223 20240416  2.622 -121.45   48.54    12.2     0.0     6.1     5.9     0.6    10.95 C    27.2    -2.8     6.6    95.1    36.8    73.0   0.240   0.276   0.233   0.183   0.215     8.9     8.9     9.2     8.6     8.2
04223 20240417  2.622 -121.45   48.54    16.1    -2.3     6.9     5.8     0.0    18.73 C    29.5    -5.7     6.3    95.4    21.9    69.0   0.237   0.273   0.230   0.181   0.213     8.0     8.1     8.8     8.3     8.1
04223 20240418  2.622 -121.45   48.54    18.3    -1.3     8.5     8.1     0.0    20.94 C    30.4    -5.5     7.9    90.7    12.7    53.4   0.232   0.268   0.227   0.178   0.210     8.1     8.1     8.7     8.1     7.9
04223 20240419  2.622 -121.45   48.54    18.5     0.2     9.3     9.3     0.0    20.03 C    30.6    -4.0     8.5    77.9    14.8    47.8   0.227   0.262   0.216   0.174   0.208     8.3     8.3     8.7     8.1     7.8
04223 20240420  2.622 -121.45   48.54    22.2     0.2    11.2    10.4    11.7    18.84 C    33.1    -4.0    11.1    93.5    13.3    57.5   0.232   0.262   0.211   0.171   0.205     8.8     8.6     8.8     8.1     7.9
04223 20240421  2.622 -121.45   48.54    10.9     2.6     6.8     6.7     4.2    11.57 C    21.7    -0.4     7.6    94.9    57.1    86.7   0.284   0.322   0.236   0.191   0.215     9.3     9.2     9.2     8.5     8.1
04223 20240422  2.622 -121.45   48.54    18.5     0.0     9.2     7.8     0.0    20.18 C    28.6    -2.4     8.5    95.8    23.7    71.4   0.261   0.301   0.242   0.194   0.220     8.9     8.9     9.1     8.5     8.2
04223 20240423  2.622 -121.45   48.54    22.6     1.1    11.9    11.1     0.0    18.93 C    31.3    -2.4    10.5    93.6    16.3    59.1   0.247   0.287   0.239   0.189   0.218     9.4     9.2     9.2     8.5     8.2
04223 20240424  2.622 -121.45   48.54    13.3     3.7     8.5     8.4     5.2     6.47 C    17.2     0.1     8.8    94.4    54.2    82.8   0.246   0.282   0.235   0.185   0.215     9.2     9.1     9.4     8.7     8.3
04223 20240425  2.622 -121.45   48.54    12.5     7.3     9.9     9.4     5.6     6.31 C    17.0     7.0    10.4    95.1    81.4    90.8   0.282   0.306   0.239   0.193   0.218     9.9     9.6     9.6     8.8     8.4
04223 20240426  2.622 -121.45   48.54    16.5     7.8    12.2    10.7     3.4    13.58 C    25.5     5.5    12.1    95.0    57.2    84.5   0.285   0.315   0.248   0.202   0.223    10.8    10.4    10.0     9.1     8.7
04223 20240427  2.622 -121.45   48.54    11.8     7.5     9.7     9.3     4.8     6.22 C    15.4     6.9    10.2    94.8    60.8    87.0   0.275   0.309   0.250   0.200   0.224    10.7    10.5    10.4     9.5     9.0
04223 20240428  2.622 -121.45   48.54    12.6     4.2     8.4     8.1    11.5     9.90 C    17.7     4.3     9.5    95.0    52.4    82.3   0.297   0.327   0.260   0.209   0.227    10.5    10.3    10.4     9.6     9.2
04223 20240429  2.622 -121.45   48.54    10.8     2.9     6.8     5.6     2.4    12.90 C    21.7     1.9     7.4    95.1    52.5    85.6   0.290   0.330   0.257   0.218   0.233     9.9     9.9    10.2     9.6     9.2
04223 20240430  2.622 -121.45   48.54    13.7     2.4     8.0     6.9     3.8    17.13 C    24.1     0.1     8.7    95.6    41.5    80.1   0.284   0.321   0.248   0.211   0.230    10.0     9.9    10.1     9.5     9.1
04223 20240501  2.622 -121.45   48.54    15.1     2.2     8.7     7.4     0.0    15.06 C    25.2    -1.1     7.9    96.2    36.5    74.9   0.271   0.310   0.242   0.205   0.228     9.8     9.8    10.1     9.5     9.2
04223 20240502  2.622 -121.45   48.54    19.4    -0.3     9.6     9.1     0.0    18.74 C    30.7    -2.8     9.5    95.4    26.1    70.3   0.257   0.297   0.234   0.198   0.224     9.6     9.6     9.9     9.4     9.1
04223 20240503  2.622 -121.45   48.54    22.7     2.3    12.5    13.0     0.0    18.02 C    31.0    -0.8    13.2    94.9    19.1    57.4   0.247   0.286   0.227   0.192   0.220    10.5    10.2    10.1     9.4     9.1
04223 20240504  2.622 -121.45   48.54    17.2     8.8    13.0    12.7     0.0     5.79 C    19.2     5.8    12.3    88.0    56.0    71.5   0.240   0.279   0.222   0.186   0.217    11.2    10.9    10.7     9.8     9.4
04223 20240505  2.622 -121.45   48.54    10.9     7.4     9.2     9.3    10.8     1.48 C    12.6     3.5     9.3    94.6    81.1    91.4   0.253   0.285   0.221   0.184   0.214    10.4    10.4    10.6    10.0     9.6
04223 20240506  2.622 -121.45   48.54    11.0     5.4     8.2     7.9     7.8     9.01 C    18.4     4.3     9.3    95.1    71.1    91.1   0.301   0.332   0.250   0.209   0.226    10.6    10.4    10.5     9.9     9.6
04223 20240507  2.622 -121.45   48.54    11.9     4.0     8.0     7.7     2.5    11.53 C    21.9     1.2     9.0    95.1    64.1    86.5   0.286   0.324   0.250   0.212   0.230    10.5    10.4    10.5     9.9     9.6
04223 20240508  2.622 -121.45   48.54    18.8     1.1    10.0     9.4     0.0    24.24 C    27.9    -0.6    10.7    96.0    39.6    76.0   0.266   0.307   0.248   0.204   0.227    10.8    10.6    10.6     9.9     9.6
04223 20240509  2.622 -121.45   48.54    26.3     3.4    14.8    13.7     0.0    24.47 C    33.7     0.5    14.3    95.1    29.2    69.2   0.250   0.291   0.239   0.196   0.223    11.9    11.5    11.1    10.2     9.8
04223 20240510  2.622 -121.45   48.54    29.8     6.9    18.3    17.0     0.0    24.78 C    37.2     3.3    16.7    93.6    16.5    60.6   0.236   0.277   0.234   0.188   0.218    13.1    12.6    11.8    10.7    10.1
04223 20240511  2.622 -121.45   48.54    28.8     7.4    18.1    17.2     0.0    24.58 C    36.3     3.7    16.8    92.7    24.4    60.4   0.224   0.264   0.227   0.180   0.212    13.8    13.3    12.4    11.3    10.6
04223 20240512  2.622 -121.45   48.54    25.0     6.7    15.8    15.7     0.0    24.55 C    33.3     3.3    15.8    94.1    25.3    62.0   0.214   0.253   0.217   0.173   0.207    13.9    13.5    12.8    11.8    11.0
04223 20240513  2.622 -121.45   48.54    18.4     7.1    12.8    12.7     0.0    11.95 C    27.6     3.7    12.6    91.8    54.2    73.2   0.209   0.246   0.213   0.168   0.202    13.3    13.1    12.8    11.9    11.3
04223 20240514  2.622 -121.45   48.54    21.7     4.6    13.2    13.6     0.0    23.12 C    31.1     1.5    14.0    94.8    36.6    66.8   0.204   0.240   0.198   0.163   0.198    13.3    13.1    12.7    11.9    11.4
04223 20240515  2.622 -121.45   48.54    23.3     6.2    14.7    15.0     0.0    19.27 C    31.1     3.5    15.3    93.0    41.6    67.3   0.197   0.232   0.192   0.159   0.194    13.6    13.3    12.9    12.0    11.5
04223 20240516  2.622 -121.45   48.54    14.3     7.6    10.9    11.5     3.7     4.89 C    17.3     4.9    11.8    92.5    71.4    85.0   0.197   0.231   0.198   0.156   0.191    13.3    13.1    13.0    12.2    11.7
04223 20240517  2.622 -121.45   48.54    14.1     5.5     9.8     9.2     6.1    12.05 C    22.3     4.5    10.4    94.3    51.4    81.4   0.232   0.257   0.196   0.158   0.191    12.5    12.5    12.6    12.0    11.6
04223 20240518  2.622 -121.45   48.54    14.2     7.0    10.6     9.9     1.8    14.34 C    21.2     7.2    11.1    94.0    50.4    76.0   0.232   0.257   0.199   0.161   0.194    12.7    12.6    12.6    11.9    11.5
04223 20240519  2.622 -121.45   48.54    14.9     6.1    10.5     9.7     1.7    14.38 C    23.0     3.5    10.9    94.8    56.4    83.3   0.228   0.254   0.199   0.162   0.194    12.8    12.7    12.6    11.9    11.5
04223 20240520  2.622 -121.45   48.54    17.9     5.6    11.7    11.1     0.0    13.68 C    22.8     3.7    11.5    95.2    43.5    74.4   0.224   0.252   0.197   0.162   0.193    12.6    12.5    12.6    11.9    11.5
04223 20240521  2.622 -121.45   48.54    11.7     8.1     9.9     9.8    23.2     5.74 C    14.4     7.6    10.7    94.8    82.7    90.6   0.264   0.282   0.208   0.164   0.194    12.3    12.3    12.5    11.9    11.5
04223 20240522  2.622 -121.45   48.54    11.7     6.4     9.1     8.9     5.3     8.31 C    17.4     6.2    10.3    94.7    74.6    89.6   0.293   0.338   0.265   0.227   0.226    12.1    12.0    12.3    11.8    11.5
04223 20240523  2.622 -121.45   48.54    16.3     8.5    12.4    12.0     0.0     9.76 C    19.4     8.1    12.8    94.6    58.1    82.0   0.267   0.310   0.245   0.208   0.226    12.7    12.5    12.4    11.8    11.4
04223 20240524  2.622 -121.45   48.54    13.8     9.0    11.4    11.1     9.0     7.51 C    17.0     8.7    12.1    94.3    76.4    88.7   0.266   0.304   0.243   0.201   0.223    12.8    12.7    12.6    11.9    11.6
04223 20240525  2.622 -121.45   48.54    11.1     8.0     9.5     9.5     2.9     8.24 C    16.2     7.7    10.9    94.4    76.7    89.9   0.290   0.328   0.261   0.211   0.227    12.8    12.7    12.7    12.0    11.7
04223 20240526  2.622 -121.45   48.54    12.6     7.7    10.1    10.1     3.2     8.37 C    16.5     7.9    11.4    94.7    76.7    90.2   0.281   0.318   0.259   0.209   0.227    12.6    12.5    12.6    12.0    11.7
04223 20240527  2.622 -121.45   48.54    17.5     9.1    13.3    12.7     0.0    13.75 C    22.5     8.3    13.7    94.7    64.1    83.9   0.270   0.309   0.247   0.205   0.225    13.4    13.1    12.8    12.1    11.7
04223 20240528  2.622 -121.45   48.54    12.3     8.3    10.3     9.8    10.8     4.94 C    15.9     6.1    10.6    94.9    86.6    92.9   0.280   0.315   0.243   0.204   0.224    12.8    12.7    12.9    12.3    11.9
04223 20240529  2.622 -121.45   48.54    12.8     6.8     9.8     9.1    10.2     9.91 C    19.8     5.8    10.4    95.1    68.0    91.7   0.302   0.338   0.259   0.218   0.231    12.5    12.4    12.7    12.1    11.8
04223 20240530  2.622 -121.45   48.54    16.1     5.8    10.9    10.5     2.0    17.37 C    24.0     3.3    12.1    94.9    51.9    84.4   0.288   0.329   0.258   0.216   0.231    13.1    12.9    12.8    12.1    11.8
04223 20240531  2.622 -121.45   48.54    22.3     4.0    13.1    12.5     0.0    25.90 C    28.5     2.1    13.8    95.6    29.7    72.9   0.264   0.305   0.244   0.203   0.226    13.3    13.1    12.9    12.3    11.9
04223 20240601  2.622 -121.45   48.54    17.6     9.5    13.6    12.8     2.2     9.21 C    22.6     8.5    13.7    94.2    58.6    85.7   0.255   0.294   0.233   0.196   0.221    13.7    13.5    13.3    12.5    12.1
04223 20240602  2.622 -121.45   48.54    14.3    10.9    12.6    12.4    21.4     3.71 C    16.2    10.8    13.0    94.8    86.0    93.0   0.291   0.322   0.249   0.210   0.225    13.7    13.5    13.4    12.7    12.3
04223 20240603  2.622 -121.45   48.54    11.0     8.0     9.5     9.6    33.0     4.65 C    15.4     8.7    10.4    94.9    85.6    93.1   0.323   0.362   0.283   0.251   0.250    12.8    12.9    13.2    12.8    12.4
04223 20240604  2.622 -121.45   48.54    16.9     8.4    12.7    10.4    13.4     5.97 C    21.1     8.6    11.3    94.9    78.1    92.5   0.308   0.344   0.267   0.229   0.242    12.7    12.6    12.9    12.5    12.3
04223 20240605  2.622 -121.45   48.54    18.7     6.7    12.7    11.9     0.5    22.02 C    27.5     4.0    13.6    94.8    44.8    80.5   0.288   0.327   0.256   0.219   0.238    13.7    13.5    13.2    12.6    12.2
04223 20240606  2.622 -121.45   48.54    23.0     4.9    14.0    13.5     0.0    26.91 C    31.1     2.6    14.8    95.5    37.3    71.1   0.263   0.302   0.239   0.203   0.229    14.1    13.8    13.5    12.8    12.4
04223 20240607  2.622 -121.45   48.54    27.2     5.0    16.1    15.2     0.0    28.33 C    34.1     2.6    16.3    94.8    27.0    67.7   0.247   0.285   0.228   0.192   0.221    14.7    14.4    13.9    13.1    12.6
04223 20240608  2.622 -121.45   48.54    28.3     7.5    17.9    18.0     0.0    24.86 C    35.2     5.1    18.3    93.3    29.8    64.2   0.234   0.270   0.218   0.183   0.214    15.6    15.1    14.4    13.5    12.9
04223 20240609  2.622 -121.45   48.54    24.6     9.2    16.9    16.3     0.0    21.21 C    33.0     6.6    16.8    94.4    37.1    70.7   0.224   0.259   0.210   0.175   0.208    16.0    15.6    14.9    13.9    13.3
04223 20240610  2.622 -121.45   48.54    22.4    10.0    16.2    14.7     0.0    20.92 C    30.2     7.4    16.4    88.7    42.6    75.0   0.217   0.250   0.204   0.169   0.203    16.0    15.7    15.1    14.2    13.6
04223 20240611  2.622 -121.45   48.54    21.3     9.3    15.3    14.1     0.6    13.58 C    28.4     6.7    14.5    92.7    40.2    70.9   0.213   0.245   0.200   0.165   0.198    15.4    15.3    15.1    14.3    13.8
04223 20240612  2.622 -121.45   48.54    20.1     7.0    13.5    13.3     0.0    19.41 C    29.2     3.8    14.2    90.0    37.5    64.9   0.209   0.239   0.195   0.160   0.194    15.4    15.3    15.0    14.3    13.8
04223 20240613  2.622 -121.45   48.54    22.9     4.2    13.5    14.2     0.0    23.99 C    31.0     1.6    14.8    94.9    33.3    61.5   0.202   0.230   0.189   0.156   0.190    14.9    14.8    14.8    14.1    13.7
04223 20240614  2.622 -121.45   48.54    18.8     9.4    14.1    13.6     0.3    14.10 C    24.3     7.5    14.5    92.9    42.2    65.0   0.196   0.223   0.184   0.151   0.185    15.1    15.0    14.9    14.2    13.7
04223 20240615  2.622 -121.45   48.54    13.6     7.6    10.6     9.7    19.3    11.98 C    21.2     7.4    11.3    94.8    67.7    88.8   0.225   0.253   0.186   0.150   0.183    14.5    14.6    14.8    14.1    13.7
04223 20240616  2.622 -121.45   48.54    14.2     7.3    10.8    10.8     0.5    13.72 C    20.6     7.5    12.1    94.7    58.4    81.5   0.265   0.296   0.216   0.165   0.192    14.0    14.0    14.4    13.8    13.6
04223 20240617  2.622 -121.45   48.54    13.0     8.8    10.9    10.8     1.3     5.99 C    15.7     9.0    11.7    94.3    78.7    89.6   0.250   0.279   0.213   0.170   0.199    13.8    13.8    14.2    13.7    13.4
04223 20240618  2.622 -121.45   48.54    21.4     9.1    15.3    14.4     0.0    28.05 C    28.7     6.6    16.3    95.1    41.8    74.1   0.239   0.269   0.209   0.168   0.198    15.1    14.7    14.4    13.7    13.4
04223 20240619  2.622 -121.45   48.54    26.6     6.6    16.6    16.1     0.0    28.34 C    33.6     4.5    17.0    94.9    27.3    67.3   0.223   0.254   0.202   0.164   0.196    15.6    15.3    14.9    14.0    13.6
04223 20240620  2.622 -121.45   48.54    29.6     8.7    19.2    18.6     0.0    28.56 C    36.1     6.1    18.9    91.9    22.9    60.5   0.210   0.239   0.194   0.158   0.191    16.4    16.0    15.3    14.4    13.9
04223 20240621  2.622 -121.45   48.54    29.6     9.2    19.4    18.9     0.0    26.93 C    36.2     6.5    19.1    92.3    26.6    61.5   0.198   0.225   0.186   0.152   0.185    16.9    16.5    15.8    14.8    14.2
04223 20240622  2.622 -121.45   48.54    22.9    12.4    17.7    17.3     0.0    13.06 C    27.6    10.3    17.4    89.5    43.5    69.1   0.190   0.216   0.180   0.147   0.181    16.8    16.5    16.0    15.1    14.5
04223 20240623  2.622 -121.45   48.54    18.5     9.7    14.1    14.7     0.2    13.03 C    28.7     7.2    15.4    91.6    53.2    72.7   0.187   0.211   0.176   0.143   0.177    16.4    16.3    16.0    15.2    14.7
04223 20240624  2.622 -121.45   48.54    21.5     8.8    15.1    14.5     0.0    11.93 C    25.4     5.6    14.5    92.8    47.6    75.1   0.184   0.206   0.172   0.139   0.173    15.8    15.8    15.8    15.1    14.7
04223 20240625  2.622 -121.45   48.54    28.3     6.3    17.3    17.0     0.0    26.94 C    35.6     3.5    17.8    95.4    31.7    68.0   0.177   0.198   0.167   0.135   0.170    16.0    15.8    15.6    14.9    14.5
04223 20240626  2.622 -121.45   48.54    17.1    10.9    14.0    14.2    14.6     6.63 C    23.1     9.0    14.5    93.6    73.2    88.0   0.179   0.205   0.164   0.132   0.167    15.8    15.8    15.8    15.1    14.6
04223 20240627  2.622 -121.45   48.54    13.6    11.6    12.6    12.4    12.7     6.08 C    16.1    11.7    13.6    94.3    90.6    92.7   0.253   0.277   0.188   0.141   0.170    15.3    15.3    15.5    14.9    14.6
04223 20240628  2.622 -121.45   48.54    22.7    10.6    16.6    15.8     0.0    25.75 C    29.1    10.4    17.8    94.5    50.0    79.5   0.251   0.275   0.205   0.157   0.183    16.4    16.0    15.6    14.9    14.5
04223 20240629  2.622 -121.45   48.54    24.7    12.9    18.8    18.4     0.0    19.98 C    33.2    12.4    19.4    94.1    43.6    70.7   0.229   0.255   0.200   0.158   0.187    17.4    17.0    16.3    15.4    14.7
04223 20240630  2.622 -121.45   48.54    21.7    12.6    17.1    16.4     1.4    11.62 C    27.6    10.8    16.8    94.4    64.3    85.2   0.221   0.249   0.196   0.156   0.186    17.3    17.0    16.6    15.8    15.1
04223 20240701  2.622 -121.45   48.54    23.8     9.6    16.7    16.9     0.0    14.92 C    30.2     6.8    16.7    93.8    43.4    73.5   0.216   0.256   0.193   0.154   0.184    17.0    16.9    16.6    15.8    15.3
04223 20240702  2.622 -121.45   48.54    23.4     8.5    16.0    15.8     0.0    23.47 C    32.4     6.5    16.7    93.2    45.0    67.9   0.208   0.235   0.188   0.151   0.182    16.7    16.6    16.4    15.7    15.3
04223 20240703  2.622 -121.45   48.54    24.5     9.5    17.0    16.5     0.0    23.55 C    32.3     7.1    17.7    92.8    42.8    71.6   0.199   0.230   0.183   0.147   0.179    17.2    17.0    16.6    15.8    15.3
04223 20240704  2.622 -121.45   48.54    27.9     8.9    18.4    17.9     0.0    27.29 C    35.0     6.5    18.6    94.6    38.6    70.9   0.190   0.216   0.177   0.142   0.175    17.4    17.1    16.7    15.9    15.4
04223 20240705  2.622 -121.45   48.54    30.1     9.7    19.9    19.1     0.0    27.19 C    36.5     7.3    19.4    94.2    33.3    66.7   0.181   0.202   0.170   0.138   0.170    17.8    17.5    17.0    16.1    15.6
04223 20240706  2.622 -121.45   48.54    30.8     9.7    20.2    19.9     0.0    27.26 C    36.8     7.1    19.9    91.9    29.2    63.4   0.171   0.190   0.167   0.132   0.166    18.0    17.7    17.3    16.3    15.8
04223 20240707  2.622 -121.45   48.54    32.5    10.7    21.6    21.0     0.0    26.90 C    38.0     8.4    20.9    92.9    30.3    64.1   0.161   0.178   0.171   0.127   0.162    18.5    18.1    17.5    16.6    16.0
04223 20240708  2.622 -121.45   48.54    32.5    11.2    21.9    21.7     0.0    26.15 C    38.1     8.2    21.6    91.0    30.1    64.2   0.152   0.166   0.162   0.121   0.157    18.8    18.4    17.8    16.8    16.1
04223 20240709  2.622 -121.45   48.54    33.9    13.8    23.8    22.8     0.0    25.80 C    38.2    11.4    22.6    93.8    28.4    64.5   0.145   0.154   0.158   0.115   0.153    19.5    19.0    18.1    17.1    16.4
04223 20240710  2.622 -121.45   48.54    30.6    12.6    21.6    21.2     0.0    25.91 C    36.2     9.4    20.8    93.0    22.5    58.3   0.139   0.145   0.150   0.110   0.149    19.2    18.9    18.3    17.4    16.7
04223 20240711  2.622 -121.45   48.54    27.1    10.4    18.7    18.9     0.0    25.73 C    34.0     7.5    19.4    93.0    39.7    67.6   0.133   0.137   0.139   0.104   0.144    18.7    18.5    18.2    17.3    16.7
04223 20240712  2.622 -121.45   48.54    28.5    10.9    19.7    19.6     0.0    25.46 C    34.9     8.3    20.2    94.2    38.9    70.4   0.128   0.130   0.135   0.098   0.140    18.8    18.6    18.1    17.3    16.7
04223 20240713  2.622 -121.45   48.54    29.9    12.1    21.0    20.7     0.0    25.73 C    36.7     9.7    21.2    94.3    38.1    69.7   0.122   0.124   0.135   0.094   0.137    19.1    18.9    18.3    17.4    16.8
04223 20240714  2.622 -121.45   48.54    30.0    11.7    20.9    20.8     0.0    25.61 C    37.4     9.1    21.0    94.2    35.3    64.2   0.117   0.118   0.130   0.088   0.133    19.2    19.0    18.4    17.5    16.9
04223 20240715  2.622 -121.45   48.54    26.6    11.1    18.8    18.9     0.0    25.72 C    34.3     8.1    19.6    93.5    45.3    70.7   0.111   0.112   0.125   0.082   0.128    18.9    18.8    18.4    17.6    17.0
04223 20240716  2.622 -121.45   48.54    30.4    11.6    21.0    20.7     0.0    24.57 C    36.9     9.1    21.5    94.6    39.2    71.8   0.106   0.107   0.120   0.078   0.125    19.2    19.0    18.4    17.6    17.0
04223 20240717  2.622 -121.45   48.54    31.3    14.3    22.8    22.6     0.0    20.44 C    38.6    12.4    22.9    93.7    42.1    68.1   0.101   0.102   0.111   0.072   0.120    19.9    19.5    18.7    17.8    17.2
04223 20240718  2.622 -121.45   48.54    28.9    14.0    21.5    21.1     0.0    22.70 C    36.9    11.9    21.9    93.3    50.0    71.5   0.097   0.096   0.093   0.068   0.116    20.1    19.8    18.9    18.0    17.3
04223 20240719  2.622 -121.45   48.54    29.3    11.9    20.6    20.3     0.0    25.09 C    37.5     9.8    21.2    94.4    41.7    71.5   0.092   0.091   0.082   0.065   0.111    19.8    19.6    18.9    18.1    17.4
04223 20240720  2.622 -121.45   48.54    30.5    11.6    21.0    20.9     0.0    23.79 C    38.3     9.4    21.7    94.2    39.6    70.7   0.088   0.087   0.078   0.062   0.107    19.7    19.5    18.9    18.1    17.4
04223 20240721  2.622 -121.45   48.54    25.5    13.0    19.2    19.0     0.0    12.81 C    31.1    10.6    18.9    94.4    57.1    76.5   0.086   0.081   0.075   0.059   0.103    19.1    19.1    18.9    18.1    17.5
04223 20240722  2.622 -121.45   48.54    22.8    12.2    17.5    16.7     0.0    14.80 C    33.1    10.1    18.2    93.0    54.0    72.0   0.083   0.080   0.073   0.057   0.100    18.5    18.6    18.5    17.8    17.3
04223 20240723  2.622 -121.45   48.54    25.6    10.1    17.9    17.7     0.0    24.81 C    35.2     7.7    19.1    88.3    34.1    61.3   0.079   0.076   0.070   0.054   0.096    18.7    18.7    18.4    17.7    17.2
04223 20240724  2.622 -121.45   48.54    26.2     8.6    17.4    17.0     0.0    22.25 C    36.7     5.8    18.8    94.0    37.4    65.1   0.076   0.073   0.067   0.051   0.092    18.2    18.3    18.2    17.5    17.2
04223 20240725  2.622 -121.45   48.54    19.4     9.1    14.2    14.2     0.3     9.25 C    25.6     6.5    14.3    93.8    55.4    77.1   0.074   0.069   0.066   0.050   0.090    17.5    17.8    18.1    17.5    17.1
04223 20240726  2.622 -121.45   48.54    26.0     6.5    16.2    16.1     0.0    23.87 C    34.9     4.1    17.3    95.1    33.9    68.6   0.072   0.068   0.064   0.048   0.088    17.0    17.2    17.5    17.0    16.8
04223 20240727  2.622 -121.45   48.54    25.3     8.9    17.1    17.5     0.0    21.17 C    34.4     6.4    18.5    93.5    40.2    67.5   0.069   0.066   0.061   0.046   0.084    17.7    17.7    17.6    17.0    16.6
04223 20240728  2.622 -121.45   48.54    25.3    10.7    18.0    17.9     0.0    18.74 C    35.2     8.4    19.5    92.8    46.3    71.0   0.066   0.064   0.059   0.044   0.082    18.0    18.0    17.8    17.0    16.6
04223 20240729  2.622 -121.45   48.54    18.5    14.5    16.5    16.5    16.1     5.50 C    20.1    14.0    16.9    94.2    85.6    91.0   0.085   0.064   0.058   0.044   0.081    17.9    17.9    17.8    17.1    16.7
04223 20240730  2.622 -121.45   48.54    22.4    16.3    19.3    18.4     2.0     8.69 C    26.2    16.2    19.1    94.2    71.4    87.9   0.136   0.091   0.059   0.044   0.083    18.7    18.5    18.0    17.2    16.7
04223 20240731  2.622 -121.45   48.54    26.8    15.3    21.1    20.3     0.0    22.86 C    33.9    14.7    22.0    94.0    47.6    77.9   0.133   0.105   0.060   0.045   0.084    19.9    19.6    18.5    17.5    16.9
04223 20240801  2.622 -121.45   48.54    31.3    13.2    22.2    21.5     0.0    22.90 C    37.2    12.5    23.2    94.8    40.1    74.9   0.124   0.105   0.060   0.044   0.085    19.9    19.7    18.9    17.9    17.2
04223 20240802  2.622 -121.45   48.54    30.2    15.1    22.6    21.7     0.0    15.47 C    34.8    13.3    22.2    94.4    46.0    77.7   0.116   0.103   0.060   0.045   0.084    20.2    20.0    19.2    18.2    17.5
04223 20240803  2.622 -121.45   48.54    28.6    14.0    21.3    20.9     0.0    21.99 C    35.9    13.4    22.5    94.8    41.4    72.2   0.106   0.096   0.060   0.045   0.084    20.1    19.9    19.3    18.3    17.7
04223 20240804  2.622 -121.45   48.54    30.4    13.1    21.8    20.9     0.0    21.61 C    37.2    12.0    22.0    94.7    39.3    72.0   0.097   0.087   0.060   0.044   0.082    20.0    19.8    19.2    18.3    17.7
04223 20240805  2.622 -121.45   48.54    28.1    13.3    20.7    20.2     0.0    21.74 C    36.6    11.7    21.3    94.7    46.3    72.6   0.090   0.081   0.059   0.043   0.080    19.8    19.7    19.2    18.4    17.8
04223 20240806  2.622 -121.45   48.54    21.7    12.1    16.9    16.1     0.0    13.25 C    30.4    10.0    17.0    93.9    59.5    81.1   0.085   0.079   0.058   0.043   0.079    18.6    18.8    18.9    18.2    17.7
04223 20240807  2.622 -121.45   48.54    26.6    10.6    18.6    18.5     0.0    21.08 C    34.6     9.1    20.2    95.0    48.6    76.6   0.081   0.075   0.057   0.042   0.077    18.6    18.6    18.5    17.9    17.5
04223 20240808  2.622 -121.45   48.54    31.1    12.3    21.7    20.6     0.0    16.11 C    38.7    11.0    21.2    95.0    39.4    72.6   0.076   0.074   0.056   0.041   0.076    19.0    18.9    18.6    17.9    17.4
04223 20240809  2.622 -121.45   48.54    30.4    13.7    22.0    21.0     0.0    15.78 C    37.4    11.8    21.5    94.0    39.4    72.4   0.072   0.067   0.055   0.040   0.074    19.4    19.2    18.7    17.9    17.5
04223 20240810  2.622 -121.45   48.54    28.5    13.5    21.0    20.0     0.0    18.94 C    36.4    11.4    21.1    94.5    43.5    75.7   0.069   0.064   0.055   0.039   0.072    19.6    19.4    18.9    18.1    17.5
04223 20240811  2.622 -121.45   48.54    24.4    15.3    19.8    18.9     0.0    16.44 C    32.7    14.3    20.6    94.5    56.9    78.1   0.065   0.060   0.054   0.038   0.071    19.7    19.5    19.0    18.2    17.6
04223 20240812  2.622 -121.45   48.54    18.6    14.9    16.7    16.5     0.0     3.89 C    21.8    14.5    17.1    88.7    67.3    78.9   0.064   0.058   0.053   0.037   0.069    18.6    18.7    18.8    18.2    17.7
04223 20240813  2.622 -121.45   48.54    21.1    14.4    17.7    17.2     0.0     6.83 C    25.3    14.1    18.0    91.9    58.6    77.3   0.063   0.056   0.052   0.036   0.069    18.1    18.1    18.4    17.7    17.4
04223 20240814  2.622 -121.45   48.54    23.7    14.8    19.2    18.8     0.0     9.17 C    27.8    14.5    20.0    90.0    54.5    74.6   0.062   0.056   0.060   0.035   0.068    18.5    18.4    18.3    17.6    17.3
04223 20240815  2.622 -121.45   48.54    24.0    14.7    19.4    19.2     0.0    11.26 C    31.9    14.5    20.4    85.2    50.9    67.7   0.060   0.056   0.067   0.034   0.067    19.1    18.9    18.5    17.7    17.3
04223 20240816  2.622 -121.45   48.54    21.4    12.6    17.0    17.0     0.0     8.15 C    27.1    10.8    17.8    90.1    58.9    75.7   0.058   0.055   0.066   0.034   0.066    18.3    18.4    18.4    17.7    17.3
04223 20240817  2.622 -121.45   48.54    31.4    11.0    21.2    20.8     7.5    17.86 C    37.9     8.7    21.4    94.9    33.5    68.5   0.056   0.053   0.065   0.033   0.065    18.8    18.6    18.3    17.6    17.2
04223 20240818  2.622 -121.45   48.54    24.0    11.7    17.8    17.7     5.1    10.31 C    30.1    10.4    18.3    94.3    54.8    84.5   0.087   0.089   0.064   0.036   0.065    19.1    19.1    18.7    17.9    17.3
04223 20240819  2.622 -121.45   48.54    24.7    10.1    17.4    16.4     0.0    14.59 C    29.3     8.6    17.0    94.9    41.9    78.1   0.089   0.090   0.064   0.037   0.066    18.0    18.1    18.3    17.7    17.3
04223 20240820  2.622 -121.45   48.54    18.6    13.9    16.2    16.0     0.7     4.86 C    20.0    12.8    16.2    92.2    73.2    85.6   0.088   0.086   0.066   0.037   0.067    17.7    17.8    18.1    17.5    17.2
04223 20240821  2.622 -121.45   48.54    20.9    11.8    16.3    16.2     0.0     8.09 C    26.0     9.6    16.7    94.1    57.9    82.3   0.087   0.087   0.066   0.036   0.067    17.6    17.7    17.9    17.4    17.1
04223 20240822  2.622 -121.45   48.54    21.9     9.9    15.9    15.7     0.7    10.05 C    26.6     8.0    16.0    95.0    55.8    82.1   0.084   0.085   0.066   0.038   0.068    16.8    17.0    17.6    17.1    16.9
04223 20240823  2.622 -121.45   48.54    15.4    12.7    14.1    14.4    11.9     0.86 C    16.5    12.8    14.6    94.1    92.2    93.2   0.093   0.086   0.065   0.037   0.068    16.9    17.0    17.5    17.0    16.8
04223 20240824  2.622 -121.45   48.54    14.0    12.1    13.0    12.9    25.3     1.51 C    14.7    11.2    13.1    94.6    92.5    93.9   0.165   0.196   0.096   0.040   0.069    15.7    15.9    16.9    16.6    16.5
04223 20240825  2.622 -121.45   48.54    20.8    11.2    16.0    14.9     0.2     9.99 C    26.0     8.9    15.3    94.7    63.0    87.2   0.179   0.197   0.133   0.041   0.070    16.2    16.2    16.6    16.2    16.2
04223 20240826  2.622 -121.45   48.54    20.6     9.5    15.1    15.0     5.9     8.72 C    25.5     7.7    15.2    95.3    58.0    85.8   0.170   0.182   0.136   0.049   0.071    16.0    16.1    16.6    16.2    16.1
04223 20240827  2.622 -121.45   48.54    16.7     7.5    12.1    12.5     9.5     8.09 C    23.0     5.2    12.8    94.9    59.4    87.4   0.212   0.226   0.153   0.060   0.070    16.1    16.2    16.7    16.3    16.1
04223 20240828  2.622 -121.45   48.54    21.0     5.2    13.1    12.4     0.0    16.41 C    26.0     3.5    12.3    95.5    44.1    80.5   0.203   0.217   0.163   0.083   0.071    14.9    15.2    16.1    15.9    15.9
04223 20240829  2.622 -121.45   48.54    26.1     7.7    16.9    16.0     0.0    15.93 C    31.2     5.5    15.3    95.3    37.7    76.0   0.189   0.202   0.162   0.093   0.072    15.2    15.3    15.9    15.6    15.6
04223 20240830  2.622 -121.45   48.54    28.2    10.4    19.3    18.0     0.0    15.54 C    32.9     8.0    17.2    94.7    39.3    75.7   0.180   0.193   0.161   0.094   0.073    15.9    15.9    16.1    15.7    15.6
04223 20240831  2.622 -121.45   48.54    30.4    11.3    20.9    19.6     0.0    15.39 C    35.6     8.8    18.5    94.4    31.6    72.2   0.173   0.185   0.160   0.094   0.075    16.5    16.4    16.4    15.9    15.7
04223 20240901  2.622 -121.45   48.54    30.4    12.5    21.5    20.4     0.0    14.59 C    35.0    10.4    19.5    93.3    35.3    72.9   0.167   0.178   0.159   0.094   0.078    17.1    17.0    16.8    16.2    15.8
04223 20240902  2.622 -121.45   48.54    21.1    14.0    17.5    17.4     0.0     6.78 C    25.6    12.0    17.5    94.1    70.8    84.3   0.163   0.174   0.157   0.095   0.081    17.1    17.1    17.0    16.4    16.1
04223 20240903  2.622 -121.45   48.54    22.0    12.8    17.4    17.4     0.0    12.51 C    28.1    10.7    17.6    94.2    60.3    81.3   0.160   0.170   0.156   0.094   0.088    17.6    17.4    17.2    16.6    16.2
04223 20240904  2.622 -121.45   48.54    28.4    10.1    19.2    17.8     0.0    14.07 C    32.0     8.2    17.0    95.2    45.6    78.2   0.156   0.172   0.154   0.094   0.097    16.7    16.7    17.0    16.5    16.3
04223 20240905  2.622 -121.45   48.54    33.9    12.1    23.0    20.5     0.0    14.17 C    36.6     9.7    18.8    92.7    25.6    67.6   0.152   0.167   0.153   0.093   0.101    17.0    16.9    17.0    16.5    16.2
04223 20240906  2.622 -121.45   48.54    31.9    12.6    22.3    20.4     0.0    12.15 C    34.8     9.8    18.6    90.3    30.6    67.8   0.148   0.162   0.151   0.092   0.104    17.1    17.1    17.1    16.5    16.2
04223 20240907  2.622 -121.45   48.54    29.3    12.2    20.7    19.5     0.0    10.80 C    31.2     9.7    18.2    91.4    38.2    74.2   0.144   0.157   0.146   0.092   0.106    17.1    17.1    17.1    16.6    16.3
04223 20240908  2.622 -121.45   48.54    24.5    13.7    19.1    18.7     0.0     8.29 C    26.4    11.3    17.9    94.2    61.7    82.8   0.142   0.151   0.130   0.092   0.106    17.2    17.2    17.2    16.7    16.4
04223 20240909  2.622 -121.45   48.54    22.0    13.6    17.8    17.2     0.0     6.07 C    27.4    11.0    16.8    94.0    64.4    82.7   0.140   0.148   0.128   0.091   0.107    17.3    17.2    17.3    16.8    16.4
04223 20240910  2.622 -121.45   48.54    23.2    13.9    18.6    17.4     0.3    10.58 C    28.4    13.6    17.3    92.6    49.1    75.8   0.138   0.147   0.127   0.090   0.107    17.0    17.0    17.2    16.7    16.4
04223 20240911  2.622 -121.45   48.54    17.6    12.7    15.1    14.8     1.4     4.88 C    19.0    11.8    15.0    93.8    73.2    86.9   0.136   0.149   0.126   0.090   0.107    16.6    16.7    17.0    16.6    16.4
04223 20240912  2.622 -121.45   48.54    20.0    13.3    16.7    15.5     0.0     6.63 C    22.0    12.3    15.6    91.0    57.7    79.5   0.136   0.148   0.125   0.089   0.107    16.5    16.6    16.9    16.4    16.2
04223 20240913  2.622 -121.45   48.54    20.8    12.3    16.5    15.2     1.6    11.18 C    26.6    10.5    15.8    94.2    52.9    82.7   0.135   0.141   0.123   0.088   0.107    16.5    16.5    16.8    16.3    16.2
04223 20240914  2.622 -121.45   48.54    18.6    11.0    14.8    14.4     4.2     6.96 C    23.8     9.6    14.8    94.6    72.0    89.8   0.138   0.140   0.123   0.088   0.107    16.4    16.5    16.8    16.3    16.1
04223 20240915  2.622 -121.45   48.54    19.7    11.0    15.4    14.6     0.0    10.57 C    24.3    10.2    14.8    94.3    54.2    82.1   0.139   0.142   0.123   0.089   0.107    16.0    16.1    16.6    16.2    16.0
04223 20240916  2.622 -121.45   48.54    21.3     8.3    14.8    14.0     0.0    10.96 C    25.1     6.3    13.3    95.5    49.6    82.2   0.138   0.142   0.123   0.088   0.107    15.2    15.5    16.2    15.9    15.9
04223 20240917  2.622 -121.45   48.54    21.8    10.4    16.1    14.7     0.0     9.46 C    27.7     8.3    14.7    94.5    48.9    79.8   0.136   0.140   0.122   0.088   0.106    15.3    15.4    16.0    15.7    15.6
04223 20240918  2.622 -121.45   48.54    20.7     9.6    15.1    14.7     0.0     7.09 C    22.0     7.2    14.4    94.9    57.8    82.0   0.135   0.139   0.121   0.087   0.106    15.3    15.4    16.0    15.6    15.5
04223 20240919  2.622 -121.45   48.54    21.2    10.5    15.8    15.2     0.0    10.15 C    26.9     8.4    14.6    94.6    50.5    76.6   0.134   0.138   0.120   0.087   0.105    15.3    15.4    15.9    15.5    15.5
04223 20240920  2.622 -121.45   48.54    19.4     7.6    13.5    13.7     0.0     6.60 C    24.7     5.1    12.7    92.6    40.7    71.8   0.132   0.136   0.119   0.085   0.105    15.0    15.2    15.8    15.5    15.4
04223 20240921  2.622 -121.45   48.54    21.2     5.1    13.1    12.3     0.0     8.35 C    24.9     2.9    10.9    94.8    41.0    78.2   0.130   0.134   0.134   0.085   0.105    13.5    13.9    15.1    15.0    15.1
04223 20240922  2.622 -121.45   48.54    20.2     7.9    14.0    14.2     0.0     7.94 C    22.6     6.1    14.0    94.4    56.0    80.2   0.128   0.132   0.134   0.084   0.105    14.0    14.1    14.9    14.7    14.8
04223 20240923  2.622 -121.45   48.54    21.7    12.7    17.2    16.0     0.3     5.56 C    24.6    10.2    15.4    94.2    62.0    86.5   0.127   0.132   0.127   0.084   0.105    15.2    15.1    15.3    14.8    14.8
04223 20240924  2.622 -121.45   48.54    27.7    11.1    19.4    17.9     0.0     8.73 C    30.0     9.0    16.4    94.9    41.0    78.1   0.127   0.131   0.114   0.083   0.105    14.9    14.9    15.3    14.9    14.8
04223 20240925  2.622 -121.45   48.54    17.5    10.6    14.1    14.9    25.5     2.09 C    19.3     9.6    14.7    94.3    88.3    92.5   0.143   0.156   0.127   0.092   0.105    15.3    15.3    15.6    15.1    14.9
04223 20240926  2.622 -121.45   48.54    15.1     8.1    11.6    10.9     5.4     6.31 C    18.7     6.4    11.1    94.9    65.1    88.7   0.195   0.214   0.160   0.107   0.108    14.3    14.5    15.3    15.0    14.9
04223 20240927  2.622 -121.45   48.54    18.0     7.9    13.0    12.0     1.8     5.71 C    22.7     5.4    11.5    95.0    58.3    88.7   0.225   0.228   0.167   0.114   0.114    14.1    14.3    15.0    14.7    14.7
04223 20240928  2.622 -121.45   48.54    17.2     5.6    11.4    11.4     0.0     8.28 C    21.1     3.3    10.7    95.6    57.0    82.0   0.213   0.226   0.168   0.118   0.122    12.8    13.2    14.4    14.3    14.4
04223 20240929  2.622 -121.45   48.54    14.0     4.7     9.3     9.5     1.1     5.81 C    16.7     2.2     8.7    95.4    56.2    82.6   0.206   0.223   0.168   0.119   0.128    12.9    13.2    14.2    14.0    14.1
04223 20240930  2.622 -121.45   48.54    17.7     2.0     9.9     8.9     0.0     8.81 C    20.2    -0.1     7.7    95.5    37.1    78.3   0.200   0.231   0.166   0.119   0.132    11.2    11.8    13.4    13.5    13.7
04223 20241001  2.622 -121.45   48.54    16.2     6.7    11.4    10.7     0.5     4.61 C    20.0     4.8    10.3    94.5    48.3    81.9   0.194   0.219   0.165   0.119   0.135    11.7    12.0    13.1    13.1    13.3
04223 20241002  2.622 -121.45   48.54    16.2     4.1    10.1     9.6     0.0     8.36 C    19.9     1.6     9.1    95.7    48.0    83.3   0.191   0.218   0.165   0.119   0.136    12.0    12.3    13.2    13.0    13.2
04223 20241003  2.622 -121.45   48.54    18.1     1.5     9.8     8.9     0.0     8.00 C    18.9    -0.6     7.8    95.5    39.8    80.0   0.187   0.221   0.164   0.118   0.137    10.7    11.2    12.7    12.7    13.0
04223 20241004  2.622 -121.45   48.54    11.0     7.9     9.4     9.3    10.0     1.53 C    12.1     6.9     9.1    94.9    84.2    92.0   0.207   0.247   0.170   0.120   0.139    11.2    11.4    12.5    12.5    12.7
04223 20241005  2.622 -121.45   48.54    15.8     6.6    11.2    10.6     0.0     5.70 C    17.6     5.3    10.3    95.2    61.8    88.6   0.223   0.267   0.177   0.127   0.144    11.6    11.7    12.5    12.4    12.5
04223 20241006  2.622 -121.45   48.54    19.9     6.1    13.0    11.1     0.0     7.48 C    21.5     3.5     9.6    94.8    45.9    82.1   0.216   0.245   0.177   0.129   0.148    11.4    11.6    12.6    12.4    12.5
04223 20241007  2.622 -121.45   48.54    21.8     5.0    13.4    11.7     0.0     7.29 C    22.7     2.7     9.7    95.4    33.1    79.4   0.208   0.227   0.176   0.129   0.150    10.7    11.0    12.2    12.2    12.4
04223 20241008  2.622 -121.45   48.54    17.9    10.4    14.2    13.9     6.7     2.99 C    18.3     9.1    13.6    94.4    77.7    90.5   0.206   0.224   0.175   0.129   0.151    11.9    11.8    12.3    12.1    12.3
04223 20241009  2.622 -121.45   48.54    16.5     9.2    12.8    12.1     2.9     4.79 C    16.2     6.3    11.6    94.4    49.3    83.6   0.236   0.255   0.187   0.135   0.156    12.8    12.7    12.9    12.5    12.4
04223 20241010  2.622 -121.45   48.54    16.8     5.6    11.2    10.0     0.0     7.21 C    18.3     2.6     8.8    95.1    50.7    84.7   0.230   0.249   0.189   0.139   0.161    11.6    11.9    12.8    12.6    12.5
04223 20241011  2.622 -121.45   48.54    18.6     3.5    11.0    10.2     0.0     5.77 C    18.4     1.2     8.9    95.4    35.8    78.6   0.223   0.243   0.188   0.140   0.164    10.5    10.9    12.1    12.1    12.3
04223 20241012  2.622 -121.45   48.54    22.5     6.2    14.4    12.4     0.0     6.72 C    23.0     3.6     9.8    94.3    34.3    75.8   0.216   0.237   0.186   0.139   0.165    10.8    11.1    12.0    11.9    12.0
04223 20241013  2.622 -121.45   48.54    20.6     5.5    13.1    11.7     0.0     6.64 C    21.8     3.2     9.8    95.1    42.9    82.4   0.210   0.232   0.185   0.139   0.165    10.5    10.8    11.8    11.7    11.9
04223 20241014  2.622 -121.45   48.54    15.6     6.9    11.2    11.9     5.3     1.88 C    16.2     4.9    11.3    95.1    76.3    91.7   0.211   0.230   0.184   0.138   0.165    10.9    11.0    11.8    11.7    11.8
04223 20241015  2.622 -121.45   48.54    14.0    11.5    12.8    12.5     1.7     2.01 C    14.6    11.1    12.5    94.7    89.4    92.8   0.231   0.245   0.188   0.142   0.167    12.1    12.0    12.3    11.9    11.8
04223 20241016  2.622 -121.45   48.54    11.7     5.7     8.7     9.1    27.7     2.46 C    12.8     4.9     9.2    94.6    85.1    93.2   0.275   0.295   0.226   0.177   0.186    11.8    11.9    12.4    12.1    12.0
04223 20241017  2.622 -121.45   48.54    11.2     3.9     7.6     7.2     2.2     6.67 C    14.7     2.3     7.2    95.9    73.7    91.1   0.274   0.303   0.242   0.205   0.211    10.7    11.0    12.0    11.9    11.9
04223 20241018  2.622 -121.45   48.54     8.4     5.6     7.0     6.7    40.3     1.09 C     9.2     4.7     6.7    95.0    90.7    93.8   0.274   0.303   0.243   0.206   0.222    10.0    10.4    11.6    11.5    11.7
04223 20241019  2.622 -121.45   48.54    12.8     7.1    10.0    10.6    78.8     0.39 C    13.1     7.1    10.7    95.2    94.4    94.7   0.310   0.347   0.289   0.255   0.267    10.1    10.0    10.8    10.7    11.0
04223 20241020  2.622 -121.45   48.54    15.8    10.2    13.0    12.6    10.7     1.82 C    17.3     9.9    12.6    94.8    90.5    93.4   0.288   0.326   0.266   0.227   0.242    11.6    11.3    11.4    11.0    10.9
04223 20241021  2.622 -121.45   48.54    12.5     8.8    10.6    10.0    10.4     3.84 C    15.6     8.5    10.1    94.6    72.1    91.2   0.284   0.320   0.258   0.218   0.237    11.5    11.4    11.8    11.4    11.3
04223 20241022  2.622 -121.45   48.54    12.2     3.6     7.9     8.0     0.5     3.80 C    15.4     1.7     7.2    95.4    66.9    92.1   0.274   0.311   0.251   0.211   0.234    10.7    10.9    11.7    11.4    11.4
04223 20241023  2.622 -121.45   48.54    10.0     3.3     6.7     6.0     0.2     3.31 C    11.0     0.9     5.9    95.7    76.3    92.2   0.258   0.294   0.239   0.200   0.228     9.5     9.9    11.0    11.0    11.2
04223 20241024  2.622 -121.45   48.54    11.3     1.9     6.6     6.0     1.1     4.51 C    15.0    -0.3     5.0    95.5    58.2    89.3   0.254   0.289   0.235   0.195   0.224     9.2     9.6    10.7    10.7    10.9
04223 20241025  2.622 -121.45   48.54 -9999.0 -9999.0 -9999.0 -9999.0     0.0 -9999.00 U -9999.0 -9999.0 -9999.0 -9999.0 -9999.0 -9999.0 -99.000 -99.000 -99.000 -99.000 -99.000 -9999.0 -9999.0 -9999.0 -9999.0 -9999.0
04223 20241026  2.622 -121.45   48.54    13.8     7.5    10.6    10.5    20.5     1.62 C    16.8     7.1    10.7    95.1    89.0    94.0   0.270   0.306   0.241   0.198   0.223     9.7     9.7    10.3    10.1    10.3
04223 20241027  2.622 -121.45   48.54    11.3     7.1     9.2     9.2    49.0     1.17 C    13.2     6.8     9.4    95.2    87.7    93.8   0.307   0.353   0.287   0.246   0.253    10.4    10.4    10.8    10.5    10.4
04223 20241028  2.622 -121.45   48.54     9.5     6.4     7.9     7.7    12.5     1.88 C    13.0     5.9     8.2    95.2    88.7    93.7   0.294   0.338   0.270   0.230   0.244     9.9    10.0    10.7    10.5    10.5
04223 20241029  2.622 -121.45   48.54    10.3     4.1     7.2     7.4     0.3     3.78 C    15.7     0.2     7.4    95.7    78.6    92.9   0.274   0.314   0.254   0.213   0.236     9.8    10.0    10.6    10.4    10.4
04223 20241030  2.622 -121.45   48.54     9.0     2.3     5.7     5.6     2.3     1.16 C    11.4    -0.2     5.1    96.1    87.7    94.3   0.264   0.302   0.243   0.203   0.230     8.8     9.2    10.3    10.2    10.3
04223 20241031  2.622 -121.45   48.54    10.9     4.8     7.8     7.1     2.2     4.09 C    14.8     3.5     7.0    95.6    61.7    90.3   0.263   0.300   0.241   0.201   0.228     9.0     9.2    10.1    10.0    10.1
04223 20241101  2.622 -121.45   48.54     7.5     5.5     6.5     6.4    15.9     0.63 C     9.7     5.2     6.5    95.0    90.6    93.1   0.292   0.332   0.257   0.213   0.233     8.9     9.1    10.0     9.9    10.0
04223 20241102  2.622 -121.45   48.54     8.9     5.3     7.1     6.6     8.7     1.69 C    11.8     3.9     6.9    95.4    89.2    94.1   0.290   0.335   0.266   0.223   0.238     8.8     8.9     9.8     9.7     9.9
04223 20241103  2.622 -121.45   48.54    10.2     5.7     7.9     7.2     3.7     2.54 C    12.7     5.1     7.4    95.5    83.3    93.4   0.279   0.318   0.253   0.212   0.234     8.9     9.0     9.8     9.6     9.8
04223 20241104  2.622 -121.45   48.54     7.5     4.9     6.2     6.3    42.9     0.28 C     7.9     4.3     6.0    95.4    92.0    94.3   0.303   0.350   0.279   0.237   0.249     8.5     8.6     9.7     9.5     9.7
04223 20241105  2.622 -121.45   48.54     8.9     1.9     5.4     5.2     3.1     2.33 C    12.7    -0.7     4.3    96.1    79.5    93.8   0.289   0.333   0.266   0.225   0.242     7.9     8.2     9.2     9.2     9.4
04223 20241106  2.622 -121.45   48.54    10.2     2.4     6.3     5.7     0.0     4.47 C    11.2    -0.5     4.6    96.1    56.3    89.3   0.272   0.311   0.249   0.209   0.234     7.5     7.8     8.9     8.9     9.2
04223 20241107  2.622 -121.45   48.54    14.7     2.8     8.7     7.5     0.0     4.21 C    15.1    -0.5     4.5    95.9    57.0    87.7   0.264   0.301   0.241   0.201   0.229     7.4     7.6     8.8     8.8     9.0
04223 20241108  2.622 -121.45   48.54    13.2     2.6     7.9     7.9     0.0     3.73 C    13.8    -0.5     5.7    96.3    69.2    90.9   0.262   0.294   0.236   0.197   0.225     7.3     7.5     8.6     8.6     8.8
04223 20241109  2.622 -121.45   48.54    10.1     7.7     8.9     9.0     5.9     0.26 C    10.9     6.3     8.8    95.6    94.5    95.2   0.272   0.302   0.238   0.197   0.225     8.4     8.3     8.9     8.7     8.8
04223 20241110  2.622 -121.45   48.54    12.3     6.9     9.6     9.4     1.8     3.59 C    14.8     4.4     9.0    96.0    77.1    93.0   0.279   0.304   0.242   0.201   0.227     8.9     8.8     9.2     9.0     8.9
04223 20241111  2.622 -121.45   48.54     8.9     6.3     7.6     7.6    22.1     0.64 C    10.8     5.9     7.6    95.3    90.7    93.7   0.310   0.348   0.271   0.223   0.237     8.9     8.9     9.5     9.2     9.1
04223 20241112  2.622 -121.45   48.54     8.8     6.0     7.4     7.0    21.6     1.30 C    11.3     5.3     7.3    95.4    90.6    93.8   0.313   0.351   0.278   0.236   0.243     8.5     8.6     9.3     9.1     9.1
04223 20241113  2.622 -121.45   48.54     7.8     6.6     7.2     7.2    36.6     0.20 C     8.8     6.0     6.8    95.3    88.1    92.5   0.323   0.362   0.287   0.246   0.248     8.3     8.4     9.1     9.0     9.0
04223 20241114  2.622 -121.45   48.54     8.4     5.3     6.8     6.6    20.8     1.88 C    13.1     4.5     6.8    95.4    87.2    93.9   0.314   0.351   0.281   0.241   0.249     8.1     8.2     8.9     8.8     8.8
04223 20241115  2.622 -121.45   48.54     7.0     2.6     4.8     4.5     4.1     1.55 C    11.1     0.6     4.8    96.0    83.7    94.1   0.294   0.327   0.257   0.216   0.237     7.8     8.0     8.8     8.7     8.8
04223 20241116  2.622 -121.45   48.54     5.1     1.4     3.3     2.6    23.6     0.70 C     7.9     1.1     3.3    96.3    91.6    95.0   0.300   0.337   0.263   0.220   0.238     7.0     7.3     8.5     8.5     8.6
04223 20241117  2.622 -121.45   48.54     4.8     0.3     2.5     2.6    33.6     0.05 C     5.0    -0.1     2.5    95.7    93.6    95.2   0.326   0.371   0.296   0.252   0.255     6.0     6.3     7.7     7.8     8.1
04223 20241118  2.622 -121.45   48.54     3.8     0.8     2.3     2.0    14.5     0.56 C     5.7    -0.4     2.0    95.8    92.0    94.8   0.315   0.360   0.281   0.238   0.247     5.3     5.6     7.0     7.2     7.6
04223 20241119  2.622 -121.45   48.54     7.1     1.0     4.1     3.4     1.7     3.67 C     7.1     0.1     2.8    95.6    50.6    83.9   0.296   0.333   0.261   0.219   0.240     5.3     5.6     6.8     6.9     7.2
04223 20241120  2.622 -121.45   48.54     8.0     0.7     4.4     4.9     0.3     2.36 C     9.8    -2.1     3.6    95.4    68.1    82.2   0.283   0.318   0.250   0.209   0.234     5.8     5.9     6.9     6.9     7.1
04223 20241121  2.622 -121.45   48.54     9.9     1.0     5.5     4.6     0.0     2.29 C     9.7    -1.5     3.2    95.5    54.9    86.7   0.275   0.309   0.243   0.203   0.230     5.5     5.7     6.9     6.9     7.1
04223 20241122  2.622 -121.45   48.54     9.2     3.1     6.1     7.1     6.7     0.87 C     9.8     0.6     5.7    95.1    52.3    80.7   0.281   0.318   0.243   0.201   0.228     6.1     6.1     7.0     6.9     7.0
04223 20241123  2.622 -121.45   48.54     8.0     2.5     5.2     5.1     1.0     2.13 C    10.3    -0.2     4.2    96.0    87.1    94.2   0.295   0.332   0.255   0.212   0.233     6.2     6.2     7.1     7.0     7.1
04223 20241124  2.622 -121.45   48.54     6.3     0.8     3.6     3.7     0.0     0.96 C     8.8    -1.2     2.9    96.2    84.5    94.4   0.282   0.316   0.247   0.206   0.231     5.7     5.9     7.0     6.9     7.1
04223 20241125  2.622 -121.45   48.54     6.2     3.8     5.0     4.6     5.8     0.36 C     6.3     2.7     4.3    94.4    77.1    88.7   0.288   0.320   0.247   0.205   0.230     6.0     6.1     7.0     6.9     7.0
04223 20241126  2.622 -121.45   48.54     6.4     3.4     4.9     4.3     2.9     0.63 C     8.4     2.0     4.4    95.6    88.1    94.2   0.295   0.327   0.252   0.211   0.234     6.0     6.1     7.0     6.9     7.0
04223 20241127  2.622 -121.45   48.54     5.4     2.2     3.8     3.6     0.0     0.89 C     7.2     0.0     3.4    96.0    90.1    94.8   0.286   0.318   0.248   0.207   0.232     5.9     6.0     6.9     6.9     6.9
04223 20241128  2.622 -121.45   48.54     5.3    -0.9     2.2     2.1     0.0     2.45 C     7.0    -3.0     1.5    96.4    75.3    92.6   0.278   0.310   0.243   0.202   0.229     5.4     5.7     6.8     6.7     6.9
04223 20241129  2.622 -121.45   48.54     4.8    -0.6     2.1     1.5     0.0     2.32 C     8.7    -1.3     1.7    97.1    81.1    93.6   0.272   0.304   0.239   0.199   0.227     4.9     5.2     6.4     6.4     6.7
04223 20241130  2.622 -121.45   48.54     5.1     0.1     2.6     2.6     0.0     1.82 C     7.0    -1.1     2.1    96.3    83.6    93.8   0.269   0.300   0.235   0.196   0.224     5.0     5.2     6.3     6.3     6.5
04223 20241201  2.622 -121.45   48.54    10.5     0.1     5.3     3.2     0.0     2.01 C     7.9    -4.3    -0.1    96.5    58.1    90.1   0.266   0.297   0.233   0.193   0.223     4.5     4.8     6.1     6.1     6.4
04223 20241202  2.622 -121.45   48.54     8.8    -1.6     3.6     1.4     0.0     2.25 C     4.4    -6.4    -3.3    96.3    52.4    87.9   0.264   0.294   0.231   0.191   0.221     3.2     3.8     5.6     5.8     6.1
04223 20241203  2.622 -121.45   48.54     9.9    -1.7     4.1     1.9     0.0     1.80 C     4.0    -5.9    -2.2    95.5    46.1    86.4   0.262   0.292   0.230   0.189   0.219     2.5     3.1     4.9     5.2     5.7
04223 20241204  2.622 -121.45   48.54    11.5    -0.1     5.7     3.8     0.0     1.98 C     7.9    -3.6    -0.2    95.9    55.2    86.5   0.260   0.289   0.228   0.188   0.218     2.7     3.0     4.6     4.8     5.3
04223 20241205  2.622 -121.45   48.54     8.7    -1.7     3.5     3.0     0.0     1.26 C     7.1    -5.3     0.8    96.2    69.0    91.6   0.258   0.288   0.227   0.187   0.217     2.6     3.0     4.5     4.7     5.1
04223 20241206  2.622 -121.45   48.54    10.6     3.7     7.2     6.8     0.0     1.06 C    10.9    -0.4     5.6    95.2    69.8    90.1   0.258   0.288   0.226   0.186   0.217     4.3     4.1     4.9     4.8     5.0
04223 20241207  2.622 -121.45   48.54     9.1     5.1     7.1     7.0    78.9     0.00 C     8.6     3.2     6.5    95.5    92.2    95.0   0.319   0.375   0.305   0.251   0.259     5.9     5.7     5.8     5.3     5.3
04223 20241208  2.622 -121.45   48.54     5.5     2.2     3.9     3.7    23.6     0.98 C     8.1     1.9     3.9    95.3    89.5    94.1   0.316   0.365   0.292   0.245   0.254     5.4     5.4     6.1     5.7     5.7
04223 20241209  2.622 -121.45   48.54     6.5    -1.4     2.5     2.2     0.2     1.43 C     7.3    -5.8     0.1    96.1    71.3    93.5   0.289   0.328   0.259   0.217   0.239     4.6     4.8     5.8     5.6     5.7
04223 20241210  2.622 -121.45   48.54     6.3    -2.3     2.0     1.7     0.0     2.27 C     5.0    -6.8    -1.5    96.0    68.9    90.8   0.280   0.316   0.248   0.207   0.233     2.8     3.4     5.1     5.2     5.4
04223 20241211  2.622 -121.45   48.54     8.9    -0.6     4.2     2.9     0.0     1.29 C     8.4    -4.9     0.1    96.0    65.8    91.2   0.275   0.310   0.243   0.203   0.229     3.2     3.5     4.7     4.8     5.1
04223 20241212  2.622 -121.45   48.54     6.9    -0.8     3.1     3.3     0.0     1.23 C     8.2    -4.9     2.2    96.0    75.8    91.8   0.271   0.307   0.239   0.199   0.227     3.1     3.4     4.6     4.6     4.9
04223 20241213  2.622 -121.45   48.54     7.3     1.2     4.3     4.6     4.1     0.60 C     7.1    -0.6     3.6    96.2    80.6    93.0   0.271   0.307   0.237   0.196   0.225     4.0     4.0     4.8     4.7     4.8
04223 20241214  2.622 -121.45   48.54     6.6     3.3     4.9     5.0     9.6     0.38 C     7.8     0.6     4.2    95.6    91.7    94.3   0.303   0.338   0.253   0.207   0.230     4.5     4.5     5.1     4.9     4.9
04223 20241215  2.622 -121.45   48.54     5.0    -1.0     2.0     2.2    11.6     1.11 C     7.9    -3.5     1.6    96.2    83.4    93.8   0.311   0.354   0.283   0.234   0.243     4.2     4.3     5.1     5.0     5.1
04223 20241216  2.622 -121.45   48.54     4.1    -0.6     1.8     2.4     3.0     0.55 C     5.1    -3.5     1.4    96.0    72.5    90.4   0.296   0.331   0.261   0.217   0.237     3.7     3.9     4.9     4.8     5.0
04223 20241217  2.622 -121.45   48.54     4.5    -0.8     1.8     2.7    44.5     0.00 C     4.0    -4.0     1.7    96.0    88.8    93.3   0.314   0.355   0.286   0.235   0.248     3.3     3.6     4.6     4.6     4.8
04223 20241218  2.622 -121.45   48.54     8.6     2.0     5.3     6.0    26.6     0.68 C    10.5    -0.3     5.1    96.1    91.7    94.3   0.324   0.369   0.304   0.254   0.260     4.5     4.3     4.7     4.4     4.5
04223 20241219  2.622 -121.45   48.54     8.0     1.6     4.8     5.2     3.6     0.48 C     8.9    -0.5     4.3    96.2    80.6    92.6   0.297   0.332   0.263   0.220   0.240     4.3     4.3     4.9     4.7     4.7
04223 20241220  2.622 -121.45   48.54     8.7     2.7     5.7     6.2     1.6     0.08 C     7.5     0.1     4.2    96.7    82.4    93.4   0.297   0.328   0.258   0.216   0.237     4.6     4.6     5.1     4.9     4.8
04223 20241221  2.622 -121.45   48.54    11.7     3.6     7.6     7.3     9.0     0.00 C     8.1    -0.3     5.2    96.2    61.9    90.1   0.304   0.340   0.265   0.218   0.237     4.9     4.8     5.3     5.0     4.9
04223 20241222  2.622 -121.45   48.54     7.2     3.5     5.4     5.4    11.9     0.56 C     7.8     0.5     4.6    96.0    82.8    94.2   0.306   0.340   0.268   0.222   0.240     4.9     4.9     5.4     5.1     5.1
04223 20241223  2.622 -121.45   48.54    10.0     5.3     7.7     7.0    10.9     2.10 C    10.3     4.2     6.0    95.8    68.4    90.7   0.315   0.355   0.286   0.238   0.247     5.3     5.2     5.6     5.3     5.2
04223 20241224  2.622 -121.45   48.54     8.7     3.5     6.1     5.9    15.1     0.32 C     8.5     0.0     4.7    95.9    83.1    94.6   0.322   0.383   0.282   0.234   0.245     5.5     5.4     5.8     5.4     5.3
04223 20241225  2.622 -121.45   48.54     5.4     2.9     4.1     3.8    14.6     0.05 C     5.3     1.1     3.3    96.1    82.7    94.3   0.320   0.389   0.281   0.233   0.245     4.8     4.8     5.6     5.4     5.4
04223 20241226  2.622 -121.45   48.54     5.4     1.0     3.2     3.9    32.2     0.02 C     5.5    -0.5     3.4    96.2    82.2    92.8   0.334   0.408   0.307   0.254   0.258     4.6     4.7     5.4     5.2     5.2
04223 20241227  2.622 -121.45   48.54     6.3     0.5     3.4     3.8     9.4     1.24 C     9.6    -1.2     3.3    96.3    84.6    94.8   0.311   0.379   0.273   0.228   0.244     4.3     4.4     5.2     5.0     5.1
04223 20241228  2.622 -121.45   48.54     6.1     4.1     5.1     5.0    29.1     0.04 C     6.2     2.9     4.7    95.8    93.9    95.0   0.336   0.407   0.304   0.250   0.254     4.8     4.7     5.3     5.0     5.0
04223 20241229  2.622 -121.45   48.54     5.6     1.6     3.6     3.9     7.9     0.56 C     7.8    -0.2     3.0    96.2    94.1    95.3   0.315   0.385   0.279   0.232   0.246     4.5     4.6     5.3     5.1     5.0
04223 20241230  2.622 -121.45   48.54     5.8     1.3     3.6     3.3     3.5     1.34 C     9.0    -0.4     3.0    96.2    90.5    95.3   0.308   0.375   0.269   0.224   0.242     4.4     4.5     5.2     5.0     5.0
04223 20241231  2.622 -121.45   48.54     4.5    -0.8     1.8     1.3     0.0     1.71 C     4.1    -2.3     0.0    96.3    77.2    93.6   0.300   0.357   0.261   0.218   0.239     3.8     4.0     5.0     4.9     4.9
