04223 20250101  2.622 -121.45   48.54     4.8    -1.3     1.8     1.3     0.0     1.06 C     6.2    -5.1     0.0    96.1    73.8    92.1   0.288   0.323   0.251   0.210   0.235     3.2     3.5     4.6     4.6     4.7
04223 20250102  2.622 -121.45   48.54     4.4    -1.3     1.6     1.6     1.1     0.37 C     4.4    -4.5     0.2    96.1    69.4    91.0   0.284   0.317   0.246   0.205   0.232     2.8     3.1     4.3     4.3     4.5
04223 20250103  2.622 -121.45   48.54     8.5    -0.3     4.1     4.4     5.9     0.12 C     5.8    -2.3     2.6    96.0    53.9    85.1   0.298   0.337   0.249   0.205   0.231     3.2     3.2     4.2     4.1     4.3
04223 20250104  2.622 -121.45   48.54     6.3     1.1     3.7     4.2     5.4     1.26 C     9.0    -0.7     3.5    96.2    86.7    94.1   0.308   0.341   0.260   0.214   0.235     3.8     3.7     4.4     4.2     4.3
04223 20250105  2.622 -121.45   48.54     6.6     1.3     4.0     4.9     5.1     0.48 C     7.9    -1.4     4.1    96.2    90.4    94.3   0.319   0.336   0.271   0.222   0.239     4.3     4.2     4.7     4.4     4.4
04223 20250106  2.622 -121.45   48.54     8.1    -0.4     3.9     2.4     0.0     2.05 C     5.6    -4.1    -1.2    96.6    74.2    93.9   0.298   0.331   0.259   0.216   0.237     3.1     3.4     4.5     4.4     4.4
04223 20250107  2.622 -121.45   48.54     7.1    -0.6     3.3     3.1     0.0     1.69 C     6.8    -5.0     0.6    96.3    69.1    89.9   0.287   0.323   0.251   0.209   0.233     2.2     2.5     3.9     4.0     4.2
04223 20250108  2.622 -121.45   48.54     9.1     0.1     4.6     4.4     0.7     0.87 C     9.8    -3.7     2.4    96.3    75.4    93.4   0.288   0.320   0.248   0.206   0.231     3.3     3.3     4.0     3.9     4.0
04223 20250109  2.622 -121.45   48.54    10.4    -0.2     5.1     4.5     0.0     2.41 C     9.8    -4.1     2.0    96.4    55.7    86.5   0.281   0.316   0.244   0.203   0.230     2.9     3.0     4.0     3.9     4.0
04223 20250110  2.622 -121.45   48.54     6.6     3.3     5.0     5.0    18.7     0.26 C     7.6     0.2     4.4    95.7    86.9    93.6   0.316   0.349   0.276   0.224   0.237     3.7     3.6     4.2     3.9     4.0
04223 20250111  2.622 -121.45   48.54     6.7     2.9     4.8     4.4     1.7     1.36 C     9.2    -0.3     3.8    96.0    88.2    94.6   0.307   0.345   0.271   0.226   0.241     4.1     4.0     4.5     4.1     4.1
04223 20250112  2.622 -121.45   48.54     7.2    -1.1     3.1     2.8     0.0     1.57 C     8.2    -4.3     1.4    96.1    70.3    93.6   0.291   0.328   0.256   0.214   0.236     3.8     3.9     4.5     4.3     4.2
04223 20250113  2.622 -121.45   48.54     4.6    -2.2     1.2     0.1     0.0     2.84 C     5.2    -6.2    -2.6    96.0    73.8    93.3   0.282   0.319   0.248   0.207   0.232     2.3     2.7     4.1     4.1     4.2
04223 20250114  2.622 -121.45   48.54     6.8    -2.0     2.4     0.8     0.0     2.30 C     5.2    -5.9    -2.2    96.0    63.7    92.1   0.277   0.336   0.243   0.203   0.229     1.6     2.0     3.5     3.6     3.8
04223 20250115  2.622 -121.45   48.54    10.2    -1.4     4.4     2.4     0.0     2.56 C     6.5    -5.2    -1.5    96.1    54.8    88.3   0.273   0.337   0.240   0.199   0.227     1.3     1.7     3.1     3.2     3.5
04223 20250116  2.622 -121.45   48.54     4.5    -0.8     1.8     1.7     0.9     0.72 C     6.3    -3.5     0.6    96.3    92.0    95.3   0.276   0.335   0.237   0.197   0.225     1.6     1.8     3.0     3.0     3.3
04223 20250117  2.622 -121.45   48.54     1.2    -2.2    -0.5    -0.5     0.0     1.96 C     4.6    -7.0    -1.1    97.0    94.0    95.5   0.277   0.335   0.237   0.197   0.225     1.7     2.0     3.0     3.0     3.2
04223 20250118  2.622 -121.45   48.54     5.8    -3.9     1.0    -0.6     0.0     3.04 C     2.7    -8.4    -4.0    94.9    34.1    83.6   0.271   0.331   0.235   0.195   0.224     1.0     1.5     2.8     2.9     3.1
04223 20250119  2.622 -121.45   48.54     8.2    -4.9     1.6     1.0     0.0     3.03 C     2.8    -9.6    -3.7    94.4    31.9    66.4   0.268   0.339   0.233   0.193   0.222     0.6     1.0     2.5     2.6     2.9
04223 20250120  2.622 -121.45   48.54     4.3    -3.7     0.3     0.0     0.0     3.15 C     2.0    -9.4    -3.8    86.2    36.2    62.3   0.285   0.343   0.230   0.191   0.221     0.5     0.8     2.3     2.3     2.6
04223 20250121  2.622 -121.45   48.54     2.0    -4.5    -1.3    -1.7     0.0     1.86 C     3.1    -9.5    -3.9    92.8    67.5    86.2 -99.000   0.340   0.228   0.189   0.219     0.3     0.7     2.1     2.1     2.5
04223 20250122  2.622 -121.45   48.54     5.7    -5.7     0.0    -1.3     0.0     3.99 C     4.3    -9.9    -4.7    93.8    39.3    79.9 -99.000   0.336   0.225   0.186   0.217     0.2     0.6     1.9     2.0     2.3
04223 20250123  2.622 -121.45   48.54     6.2    -4.3     1.0    -0.4     0.0     3.33 C     4.3    -8.6    -2.8    93.0    46.7    83.5 -99.000   0.333   0.223   0.184   0.216     0.1     0.4     1.8     1.9     2.1
04223 20250124  2.622 -121.45   48.54     8.6    -5.3     1.6     1.1     0.0     3.50 C     3.8   -10.0    -3.8    94.9    25.5    65.9 -99.000   0.330   0.221   0.182   0.214     0.1     0.4     1.7     1.7     2.0
04223 20250125  2.622 -121.45   48.54     7.7    -3.9     1.9     0.2     0.0     3.58 C     5.1    -9.9    -5.4    84.9    25.5    62.2 -99.000   0.327   0.218   0.180   0.213     0.0     0.3     1.6     1.6     1.9
04223 20250126  2.622 -121.45   48.54     7.7    -5.5     1.1    -1.1     0.0     3.73 C     5.9   -10.0    -5.7    90.8    33.3    77.2 -99.000 -99.000   0.215   0.178   0.211    -0.2     0.2     1.5     1.5     1.8
04223 20250127  2.622 -121.45   48.54     7.6    -5.7     1.0    -1.0     0.0     3.86 C     5.8    -9.6    -5.6    93.1    46.8    83.1 -99.000 -99.000   0.231   0.175   0.209    -0.2     0.1     1.4     1.4     1.7
04223 20250128  2.622 -121.45   48.54     8.5    -5.5     1.5    -0.6     0.0     3.89 C     7.2    -9.9    -5.4    93.8    47.6    84.2 -99.000 -99.000   0.220   0.172   0.207    -0.3     0.0     1.3     1.3     1.6
04223 20250129  2.622 -121.45   48.54     8.3    -5.2     1.5    -0.6     0.0     4.11 C     6.9    -9.7    -5.4    94.1    48.4    84.2 -99.000 -99.000   0.224   0.169   0.204    -0.4    -0.1     1.2     1.3     1.5
04223 20250130  2.622 -121.45   48.54     4.5    -6.0    -0.8    -0.7     4.2     3.75 C     5.9   -10.3    -2.4    95.6    69.2    88.0 -99.000 -99.000   0.216   0.166   0.201    -0.4    -0.1     1.1     1.2     1.4
04223 20250131  2.622 -121.45   48.54     4.4     1.1     2.7     2.6    35.7     0.41 C     5.6     0.7     2.1    96.0    89.1    94.5 -99.000 -99.000   0.303   0.220   0.228    -0.2    -0.1     0.9     1.0     1.3
04223 20250201  2.622 -121.45   48.54     3.0    -0.2     1.4     0.9     9.1     1.59 C     4.2    -0.9     0.5    95.9    74.4    92.2 -99.000 -99.000   0.284   0.228   0.244    -0.2    -0.1     0.9     0.9     1.1
04223 20250202  2.622 -121.45   48.54     1.2    -0.9     0.2     0.0     0.6     1.60 C     0.1    -4.0    -1.4    96.2    88.6    95.4 -99.000 -99.000   0.269   0.216   0.237    -0.2    -0.1     1.0     0.9     1.1
04223 20250203  2.622 -121.45   48.54    -0.4    -3.4    -1.9    -1.8     0.0     3.23 C    -1.9    -6.1    -4.2    96.2    51.8    68.0 -99.000 -99.000   0.262   0.210   0.234    -0.2    -0.1     1.0     0.9     1.1
04223 20250204  2.622 -121.45   48.54    -0.8    -4.0    -2.4    -2.5     0.0     3.75 C    -3.2    -9.2    -6.4    60.0    42.5    49.0 -99.000 -99.000   0.257   0.206   0.231    -0.2    -0.1     1.0     0.9     1.1
04223 20250205  2.622 -121.45   48.54    -1.3    -4.8    -3.0    -3.1     0.0     3.41 C    -2.2    -9.5    -5.9    78.2    43.9    52.2 -99.000 -99.000   0.253   0.203   0.229    -0.2     0.0     1.0     0.9     1.1
04223 20250206  2.622 -121.45   48.54     1.7    -2.5    -0.4    -1.1     0.0     3.05 C    -1.1    -9.7    -5.1    69.7    47.9    58.3 -99.000 -99.000   0.250   0.199   0.227    -0.2     0.0     1.0     0.9     1.1
04223 20250207  2.622 -121.45   48.54     3.4    -3.4     0.0    -0.9     0.0     5.32 C    -1.8    -9.9    -5.8    86.6    39.3    59.0 -99.000 -99.000   0.246   0.197   0.225    -0.2     0.0     1.0     0.9     1.1
04223 20250208  2.622 -121.45   48.54     3.4    -2.4     0.5    -0.1     0.0     3.15 C     0.1    -7.6    -2.6    90.0    58.0    78.7 -99.000 -99.000   0.243   0.193   0.223    -0.2     0.0     1.0     0.9     1.1
04223 20250209  2.622 -121.45   48.54     5.2    -2.8     1.2     0.1     0.0     5.02 C     0.4    -7.8    -2.7    92.3    39.9    77.9 -99.000 -99.000   0.242   0.192   0.221    -0.2     0.0     1.0     0.9     1.0
04223 20250210  2.622 -121.45   48.54     1.1    -3.7    -1.3    -0.8     0.0     5.21 C    -1.4    -9.8    -5.3    87.2    29.4    40.0 -99.000 -99.000   0.241   0.190   0.220    -0.2     0.0     1.0     0.9     1.0
04223 20250211  2.622 -121.45   48.54     2.8    -7.9    -2.5    -3.4     0.0     4.72 C    -0.8   -13.1    -8.6    81.8    23.0    48.9 -99.000 -99.000   0.215   0.188   0.219    -0.3    -0.1     0.9     0.9     1.0
04223 20250212  2.622 -121.45   48.54     4.8    -8.4    -1.8    -3.4     0.0     5.22 C     2.0   -13.7    -8.8    86.8    27.6    69.7 -99.000 -99.000   0.198   0.183   0.217    -0.4    -0.1     0.9     0.9     1.0
04223 20250213  2.622 -121.45   48.54     6.6    -5.7     0.4     2.3     0.0     5.53 C     2.4   -11.2    -2.3    81.8    17.9    34.9 -99.000 -99.000   0.195   0.178   0.213    -0.4    -0.2     0.8     0.8     0.9
04223 20250214  2.622 -121.45   48.54     7.1    -0.7     3.2     1.9     0.0     3.35 C     5.7    -1.6     0.3    89.7    42.1    74.9 -99.000 -99.000   0.191   0.175   0.210    -0.3    -0.2     0.8     0.8     0.9
04223 20250215  2.622 -121.45   48.54     5.9    -2.5     1.7     1.4     2.7     3.19 C     6.0    -5.7     0.1    95.4    54.1    83.4 -99.000 -99.000   0.191   0.174   0.208    -0.2    -0.2     0.8     0.7     0.9
04223 20250216  2.622 -121.45   48.54     3.1     0.1     1.6     1.2    18.9     0.87 C     3.9    -0.3     0.7    96.1    94.4    95.6 -99.000 -99.000   0.346   0.252   0.253    -0.2    -0.2     0.6     0.5     0.7
04223 20250217  2.622 -121.45   48.54     6.6     0.9     3.7     3.2     4.3     2.92 C     9.7    -0.4     3.2    96.1    87.9    94.5 -99.000 -99.000   0.298   0.230   0.244    -0.2    -0.2     0.7     0.6     0.7
04223 20250218  2.622 -121.45   48.54     9.7     1.2     5.4     4.1     2.2     3.90 C    11.9    -1.9     3.5    95.9    73.1    92.3 -99.000 -99.000   0.262   0.216   0.239    -0.2    -0.2     0.7     0.6     0.8
04223 20250219  2.622 -121.45   48.54     7.0     2.2     4.6     4.7     3.7     1.27 C     9.9     0.3     3.7    95.6    84.7    93.6 -99.000 -99.000   0.254   0.214   0.238    -0.2    -0.2     0.7     0.6     0.7
04223 20250220  2.622 -121.45   48.54     8.8     2.9     5.8     5.1     3.0     3.86 C    11.8     0.7     4.5    95.9    73.1    92.7 -99.000 -99.000   0.257   0.216   0.239    -0.2    -0.2     0.7     0.6     0.7
04223 20250221  2.622 -121.45   48.54     7.5     3.1     5.3     5.1    18.2     1.14 C     8.2     0.7     4.2    95.8    88.1    94.0 -99.000 -99.000   0.271   0.225   0.242    -0.1    -0.2     0.7     0.6     0.7
04223 20250222  2.622 -121.45   48.54     8.6     4.3     6.5     6.3    54.0     1.77 C    11.6     2.9     6.0    96.0    87.9    94.5   0.377 -99.000   0.301   0.257   0.278     0.7     0.1     0.9     0.6     0.7
04223 20250223  2.622 -121.45   48.54     9.0     4.3     6.7     6.8    31.5     2.85 C    11.9     2.0     6.6    95.6    79.9    92.5   0.356   0.440   0.330   0.258   0.263     3.1     2.4     2.3     1.5     1.2
04223 20250224  2.622 -121.45   48.54     9.1     4.0     6.6     6.4    11.0     2.41 C    11.8     0.4     5.9    95.7    80.3    93.1   0.324   0.418   0.303   0.241   0.252     4.0     3.5     3.2     2.4     1.9
04223 20250225  2.622 -121.45   48.54     5.9     4.3     5.1     5.0    39.5     0.43 C     7.0     3.0     4.9    95.5    90.5    94.1   0.355   0.438   0.332   0.262   0.266     4.1     3.8     3.6     3.0     2.5
04223 20250226  2.622 -121.45   48.54    13.7     2.2     7.9     6.1     0.0     6.66 C    14.5    -1.7     4.7    96.1    59.1    88.9   0.297   0.395   0.285   0.228   0.246     4.2     3.8     3.8     3.2     2.8
04223 20250227  2.622 -121.45   48.54    14.8     0.3     7.5     6.5     0.0     5.97 C    17.6    -3.3     5.6    96.3    53.2    86.5   0.280   0.370   0.267   0.214   0.238     3.9     3.7     3.8     3.3     3.0
04223 20250228  2.622 -121.45   48.54    16.2     2.9     9.5     7.4     0.0     5.44 C    17.9    -1.8     4.1    96.1    46.5    83.8   0.271   0.358   0.259   0.207   0.233     4.3     4.1     4.1     3.5     3.1
04223 20250301  2.622 -121.45   48.54    18.9     1.1    10.0     7.6     0.0     7.52 C    20.1    -2.8     3.5    95.5    28.9    76.4   0.265   0.350   0.254   0.203   0.230     3.6     3.5     3.9     3.5     3.2
04223 20250302  2.622 -121.45   48.54    13.3     4.1     8.7     8.3     0.0     6.48 C    18.2    -1.0     7.8    94.2    59.0    79.9   0.260   0.343   0.250   0.199   0.227     4.5     4.0     4.0     3.5     3.3
04223 20250303  2.622 -121.45   48.54    11.5     6.4     9.0     8.5     0.0     3.97 C    16.6     3.6     8.2    92.4    65.9    84.3   0.257   0.338   0.248   0.197   0.225     5.5     5.0     4.7     4.0     3.6
04223 20250304  2.622 -121.45   48.54    11.3     4.4     7.8     6.8     7.9     3.80 C    15.3     1.4     6.8    94.9    60.9    87.3   0.267   0.345   0.247   0.195   0.224     5.6     5.2     5.0     4.3     3.9
04223 20250305  2.622 -121.45   48.54    11.2    -0.1     5.6     5.2     9.1     8.89 C    16.4    -4.2     4.2    95.8    52.5    85.4   0.310   0.404   0.296   0.227   0.238     5.3     5.2     5.2     4.6     4.2
04223 20250306  2.622 -121.45   48.54    12.4    -2.4     5.0     3.7     0.0     8.47 C    16.8    -6.7     1.1    96.0    45.4    82.1   0.278   0.370   0.270   0.215   0.236     3.6     3.8     4.6     4.3     4.2
04223 20250307  2.622 -121.45   48.54    12.8    -2.1     5.4     4.5     0.0     8.11 C    18.6    -6.5     3.3    95.8    42.8    80.1   0.268   0.356   0.261   0.207   0.232     3.5     3.6     4.3     4.0     3.9
04223 20250308  2.622 -121.45   48.54     6.8     4.0     5.4     5.3     7.8     1.08 C     9.1     2.0     5.0    95.6    87.6    92.6   0.292   0.374   0.265   0.210   0.232     4.4     4.2     4.5     4.0     3.9
04223 20250309  2.622 -121.45   48.54     8.4     1.5     5.0     4.8    27.2     0.64 C     9.7     0.8     4.5    95.9    86.1    94.3   0.310   0.396   0.293   0.229   0.245     4.5     4.4     4.7     4.2     4.0
04223 20250310  2.622 -121.45   48.54     9.0     1.9     5.4     4.4     1.0    10.04 C    17.3    -0.2     5.5    95.5    58.1    86.3   0.298   0.393   0.290   0.231   0.247     4.9     4.7     4.8     4.3     4.1
04223 20250311  2.622 -121.45   48.54     5.9     2.1     4.0     3.8     6.8     3.02 C    10.0    -0.1     4.3    95.6    83.8    92.5   0.291   0.376   0.271   0.216   0.238     4.8     4.7     4.9     4.5     4.2
04223 20250312  2.622 -121.45   48.54     8.5     3.4     6.0     5.4     6.9     3.75 C    12.7     2.7     5.8    95.5    82.6    92.3   0.305   0.390   0.282   0.224   0.241     5.2     5.0     5.1     4.6     4.3
04223 20250313  2.622 -121.45   48.54     6.7     0.1     3.4     3.7    23.7     5.50 C    14.5    -0.1     4.3    95.9    70.2    89.5   0.323   0.406   0.297   0.234   0.245     5.3     5.2     5.3     4.8     4.5
04223 20250314  2.622 -121.45   48.54     7.9    -0.9     3.5     2.9     0.3     9.87 C     9.8    -5.6     1.5    96.6    67.9    89.5   0.312   0.403   0.300   0.235   0.246     4.3     4.4     5.0     4.7     4.5
04223 20250315  2.622 -121.45   48.54     5.5     0.5     3.0     3.3    15.9     2.39 C    11.2     0.0     3.6    95.6    88.6    93.2   0.317   0.407   0.302   0.239   0.249     4.2     4.2     4.8     4.5     4.3
04223 20250316  2.622 -121.45   48.54     8.5     0.4     4.5     4.0    23.4     6.58 C    16.1    -0.1     4.9    95.7    63.9    91.3   0.314   0.400   0.292   0.232   0.246     4.8     4.6     4.8     4.4     4.3
04223 20250317  2.622 -121.45   48.54     7.4    -0.1     3.7     2.5     8.3     5.04 C    11.9    -1.3     2.8    96.3    73.6    92.8   0.320   0.410   0.305   0.243   0.253     4.3     4.4     4.9     4.5     4.4
04223 20250318  2.622 -121.45   48.54     8.4     1.0     4.7     3.6     0.7     8.02 C    16.7    -2.2     4.2    95.7    59.0    87.3   0.298   0.390   0.284   0.228   0.245     4.8     4.7     4.9     4.5     4.3
04223 20250319  2.622 -121.45   48.54     7.9     1.0     4.4     4.4     1.3     2.70 C    10.7    -0.6     4.1    95.4    68.1    86.4   0.278   0.367   0.266   0.214   0.238     4.6     4.5     5.0     4.6     4.4
04223 20250320  2.622 -121.45   48.54     9.0     3.6     6.3     5.2    10.6     5.26 C    16.7     1.7     6.1    95.4    64.5    90.7   0.299   0.377   0.267   0.213   0.236     5.2     5.0     5.1     4.7     4.4
04223 20250321  2.622 -121.45   48.54     8.2     3.3     5.7     5.5    19.5     4.05 C    11.3     2.1     6.2    95.4    81.4    90.9   0.323   0.410   0.306   0.242   0.252     5.6     5.4     5.5     4.9     4.7
04223 20250322  2.622 -121.45   48.54    10.3     2.9     6.6     5.2     7.6     8.72 C    17.4     1.9     6.3    95.1    54.7    87.7   0.312   0.400   0.293   0.234   0.247     5.9     5.7     5.7     5.2     4.9
04223 20250323  2.622 -121.45   48.54     6.2     2.6     4.4     4.5    80.7     0.66 C     6.6     2.8     4.8    95.3    92.2    94.3   0.354   0.431   0.335   0.284   0.268     5.4     5.5     5.8     5.4     5.1
04223 20250324  2.622 -121.45   48.54     9.2     5.8     7.5     7.4    46.9     1.14 C    11.2     5.4     7.8    95.5    93.2    94.8   0.351   0.434   0.334   0.287   0.276     6.4     6.0     5.9     5.5     5.2
04223 20250325  2.622 -121.45   48.54    18.6     6.0    12.3    10.1     1.5     9.48 C    25.1     2.8    10.4    95.0    62.9    88.7   0.305   0.398   0.292   0.240   0.251     7.9     7.3     6.7     6.0     5.6
04223 20250326  2.622 -121.45   48.54    17.4     5.7    11.5    10.3    10.3     5.53 C    22.0     2.0     9.4    95.0    58.9    86.0   0.285   0.371   0.267   0.216   0.239     7.7     7.3     7.1     6.4     6.0
04223 20250327  2.622 -121.45   48.54    16.8     6.4    11.6    10.2    11.1    11.38 C    26.8     4.2    11.5    95.1    42.2    86.0   0.315   0.405   0.301   0.244   0.250     9.1     8.5     7.8     6.9     6.3
04223 20250328  2.622 -121.45   48.54    10.5     5.2     7.9     7.7     6.3     3.22 C    13.8     2.3     8.1    95.2    84.9    93.1   0.302   0.386   0.277   0.223   0.241     8.5     8.2     8.1     7.3     6.8
04223 20250329  2.622 -121.45   48.54    13.8     2.4     8.1     7.8     0.0    15.08 C    27.0    -1.5     8.9    95.5    39.7    80.3   0.290   0.377   0.272   0.219   0.240     8.6     8.3     8.1     7.4     6.9
04223 20250330  2.622 -121.45   48.54    17.7     0.3     9.0     8.9     0.0    10.67 C    23.6    -2.9     8.0    95.9    21.0    66.7   0.274   0.359   0.261   0.209   0.234     7.6     7.6     7.9     7.4     7.0
04223 20250331  2.622 -121.45   48.54    11.3     6.0     8.7     8.1     5.5     6.34 C    16.8     5.7     9.1    95.1    57.7    87.2   0.281   0.359   0.254   0.205   0.231     8.5     8.2     8.0     7.4     7.0
04223 20250401  2.622 -121.45   48.54    10.6     5.6     8.1     7.3     3.9     6.33 C    15.5     5.2     8.3    94.7    69.5    88.0   0.297   0.369   0.253   0.210   0.233     8.5     8.3     8.2     7.5     7.1
04223 20250402  2.622 -121.45   48.54    10.4     4.0     7.2     6.9     0.5     8.11 C    21.4     0.7     7.9    95.8    59.7    85.8   0.287   0.364   0.250   0.210   0.234     8.6     8.4     8.3     7.7     7.2
04223 20250403  2.622 -121.45   48.54    14.6     1.3     8.0     6.9     0.0    15.75 C    26.4    -1.7     7.3    95.8    40.7    78.2   0.275   0.354   0.245   0.205   0.231     8.3     8.2     8.3     7.6     7.3
04223 20250404  2.622 -121.45   48.54    19.0     0.1     9.5     8.1     0.0    15.53 C    29.8    -3.1     7.4    95.6    21.7    70.8   0.265   0.344   0.239   0.200   0.227     7.8     7.9     8.1     7.6     7.3
04223 20250405  2.622 -121.45   48.54    21.8     1.1    11.5    10.0     0.0    15.86 C    32.1    -2.6     8.9    94.3    17.0    65.6   0.258   0.335   0.234   0.195   0.223     8.1     7.9     8.1     7.6     7.2
04223 20250406  2.622 -121.45   48.54    16.2     6.0    11.1    10.4    10.4     4.61 C    21.0     1.4    10.7    94.8    53.9    83.5   0.265   0.337   0.231   0.191   0.221     8.9     8.5     8.4     7.7     7.3
04223 20250407  2.622 -121.45   48.54    14.9     6.4    10.6     9.5    18.2     7.48 C    25.4     6.8    10.9    95.1    66.8    90.4   0.326   0.404   0.282   0.228   0.235     9.8     9.4     8.9     8.1     7.6
04223 20250408  2.622 -121.45   48.54    10.0     5.5     7.8     7.2     9.9     3.88 C    16.0     4.6     8.3    95.2    83.4    92.5   0.319   0.402   0.287   0.240   0.244     9.2     9.1     9.1     8.5     7.9
04223 20250409  2.622 -121.45   48.54    15.1     5.9    10.5     8.9     1.4    12.54 C    24.1     2.4     9.8    95.2    42.7    82.5   0.295   0.379   0.264   0.221   0.238     9.5     9.2     9.1     8.4     8.0
04223 20250410  2.622 -121.45   48.54    15.7     5.0    10.3     9.4     7.3     4.37 C    20.7     1.8     9.0    95.3    55.9    84.9   0.293   0.373   0.257   0.213   0.234     9.2     9.1     9.1     8.5     8.1
04223 20250411  2.622 -121.45   48.54    12.9     4.1     8.5     8.3     3.2    14.41 C    25.7     1.4     9.6    94.8    48.1    78.9   0.301   0.382   0.265   0.220   0.237     9.7     9.5     9.2     8.6     8.2
04223 20250412  2.622 -121.45   48.54    12.5     1.1     6.8     6.4     1.3    11.20 C    21.9    -2.5     6.3    94.1    37.3    75.8   0.282   0.366   0.254   0.211   0.234     9.0     9.1     9.2     8.7     8.3
04223 20250413  2.622 -121.45   48.54    16.9    -1.0     7.9     7.2     0.0    18.93 C    27.4    -4.3     7.5    95.8    19.8    70.1   0.269   0.352   0.245   0.204   0.230     8.4     8.5     8.8     8.4     8.1
04223 20250414  2.622 -121.45   48.54    23.0     1.5    12.2    10.4     0.0    16.77 C    31.4    -1.9     9.5    94.1    17.2    66.3   0.259   0.339   0.237   0.197   0.225     8.9     8.8     8.9     8.4     8.1
04223 20250415  2.622 -121.45   48.54    20.3     2.2    11.2    10.6     0.0    18.32 C    30.1    -1.6     9.7    95.0    36.1    68.0   0.250   0.329   0.232   0.192   0.221     9.4     9.2     9.1     8.5     8.1
04223 20250416  2.622 -121.45   48.54    18.4     0.0     9.2     8.5     0.0    18.01 C    29.8    -3.6     6.8    93.2    11.9    57.4   0.243   0.319   0.227   0.186   0.217     8.7     8.8     9.1     8.6     8.3
04223 20250417  2.622 -121.45   48.54    19.9     0.3    10.1     9.9     0.0    19.51 C    30.6    -4.4     8.6    86.4    16.9    55.6   0.236   0.310   0.222   0.182   0.213     8.5     8.6     8.8     8.4     8.1
04223 20250418  2.622 -121.45   48.54    23.1     1.4    12.2    12.4     0.0    19.22 C    32.2    -2.3    11.6    91.2    19.1    56.6   0.228   0.301   0.217   0.177   0.210     9.4     9.2     9.1     8.5     8.2
04223 20250419  2.622 -121.45   48.54    16.4     8.8    12.6    12.0     0.0    12.31 C    27.3     5.2    11.6    89.4    29.0    58.8   0.222   0.294   0.213   0.174   0.207    10.5    10.1     9.7     8.9     8.4
04223 20250420  2.622 -121.45   48.54    11.3     6.4     8.8     8.1    14.1     7.33 C    20.2     6.3     9.3    94.8    66.8    87.0   0.247   0.314   0.214   0.171   0.204    10.2    10.0     9.8     9.1     8.7
04223 20250421  2.622 -121.45   48.54    11.7     2.6     7.1     7.2     3.7    14.13 C    22.6    -0.2     8.6    94.9    62.7    85.3   0.293   0.371   0.248   0.195   0.217    10.2    10.1     9.9     9.2     8.8
04223 20250422  2.622 -121.45   48.54    17.4     0.8     9.1     8.1     0.0    20.39 C    29.3    -1.0     8.9    95.9    27.5    74.1   0.270   0.352   0.243   0.197   0.222     9.9     9.8     9.8     9.2     8.8
04223 20250423  2.622 -121.45   48.54    20.0     0.7    10.4     9.8     0.0    19.79 C    28.6    -1.9     9.4    95.3    23.6    67.1   0.254   0.335   0.235   0.192   0.220     9.9     9.8     9.8     9.2     8.9
04223 20250424  2.622 -121.45   48.54    24.4     2.5    13.4    12.3     0.0    20.51 C    32.7    -1.1    11.3    93.2    14.8    60.8   0.241   0.302   0.228   0.187   0.216    10.3    10.1    10.0     9.3     8.9
04223 20250425  2.622 -121.45   48.54    25.1     3.5    14.3    13.7     0.0    20.58 C    32.2    -0.6    12.5    90.1    18.4    58.7   0.230   0.280   0.221   0.181   0.212    10.9    10.6    10.2     9.5     9.1
04223 20250426  2.622 -121.45   48.54    20.5     3.4    11.9    12.7     0.0    20.84 C    30.1    -0.2    12.4    94.4    38.4    65.0   0.220   0.270   0.214   0.175   0.208    11.3    11.0    10.6     9.8     9.3
04223 20250427  2.622 -121.45   48.54    17.8     3.0    10.4    11.5     0.0    21.33 C    27.3    -0.5    12.3    94.1    45.4    67.6   0.214   0.262   0.209   0.170   0.204    11.5    11.2    10.8    10.0     9.6
04223 20250428  2.622 -121.45   48.54    15.0     8.2    11.6    10.7     3.1     7.83 C    22.3     6.7    11.7    94.8    55.4    78.2   0.211   0.258   0.205   0.166   0.200    11.7    11.5    11.1    10.3     9.7
04223 20250429  2.622 -121.45   48.54    15.8     7.7    11.7    10.9     3.9    12.56 C    25.4     4.6    11.6    94.8    54.9    80.3   0.243   0.271   0.206   0.166   0.198    12.0    11.7    11.2    10.4     9.9
04223 20250430  2.622 -121.45   48.54    18.1     3.1    10.6    10.3     0.0    21.59 C    27.4    -0.1    11.0    95.2    40.9    74.4   0.232   0.268   0.207   0.167   0.199    11.7    11.5    11.2    10.5    10.0
04223 20250501  2.622 -121.45   48.54    26.7     3.7    15.2    13.5     0.0    22.35 C    32.7     0.5    13.1    95.1    23.0    68.1   0.218   0.282   0.204   0.164   0.197    12.0    11.7    11.3    10.6    10.1
04223 20250502  2.622 -121.45   48.54    25.2     6.3    15.7    15.7     0.0    20.40 C    32.9     2.7    15.4    92.3    29.9    60.7   0.207   0.271   0.198   0.160   0.193    12.7    12.3    11.7    10.9    10.3
04223 20250503  2.622 -121.45   48.54    14.1     5.6     9.9    10.1     2.6    12.33 C    22.8     2.1    10.5    90.5    34.5    71.7   0.206   0.267   0.196   0.157   0.190    12.8    12.6    12.1    11.3    10.6
04223 20250504  2.622 -121.45   48.54    16.2     1.2     8.7     8.5     0.0    15.59 C    26.4    -1.4     8.0    94.9    37.1    71.1   0.205   0.265   0.193   0.155   0.188    11.2    11.4    11.6    11.0    10.6
04223 20250505  2.622 -121.45   48.54    22.4     1.1    11.7    11.2     0.0    23.91 C    30.4    -1.8    11.1    94.8    21.1    64.2   0.199   0.257   0.190   0.151   0.185    11.2    11.1    11.2    10.7    10.4
04223 20250506  2.622 -121.45   48.54    26.9     4.2    15.5    15.0     0.0    23.30 C    33.5     0.8    14.5    91.4    17.7    58.3   0.190   0.241   0.184   0.148   0.182    12.3    11.9    11.5    10.8    10.4
04223 20250507  2.622 -121.45   48.54    20.2     8.7    14.5    13.5     0.4    13.91 C    30.5     6.3    13.8    87.1    46.0    67.2   0.183   0.234   0.180   0.144   0.179    13.0    12.6    12.0    11.2    10.7
04223 20250508  2.622 -121.45   48.54    17.9     4.5    11.2    11.7     0.0    23.03 C    27.6     0.8    12.6    84.4    30.4    55.7   0.177   0.224   0.176   0.140   0.176    13.0    12.7    12.3    11.4    10.9
04223 20250509  2.622 -121.45   48.54    22.3     2.9    12.6    12.6     0.0    21.83 C    28.7    -0.4    12.9    93.4    32.5    63.1   0.170   0.215   0.171   0.136   0.173    12.6    12.4    12.2    11.5    11.0
04223 20250510  2.622 -121.45   48.54    17.1     5.7    11.4    11.4     0.0    10.77 C    21.9     2.0    11.2    88.9    40.6    70.9   0.164   0.198   0.167   0.132   0.170    12.5    12.4    12.3    11.5    11.1
04223 20250511  2.622 -121.45   48.54    18.0     4.3    11.2    10.5     0.3    12.76 C    26.3     1.6    10.7    93.6    39.2    71.7   0.162   0.194   0.164   0.129   0.167    11.9    11.9    12.0    11.4    11.0
04223 20250512  2.622 -121.45   48.54    15.8     7.6    11.7    11.6     0.7    13.90 C    22.2     6.7    12.7    94.1    54.5    77.9   0.161   0.190   0.161   0.127   0.165    12.5    12.3    12.0    11.4    11.0
04223 20250513  2.622 -121.45   48.54    17.5     9.1    13.3    12.6     0.7    10.76 C    28.8     7.9    13.4    92.4    54.1    76.1   0.160   0.185   0.159   0.125   0.164    13.0    12.7    12.3    11.5    11.1
04223 20250514  2.622 -121.45   48.54    12.4     9.1    10.7    10.4     2.5     7.82 C    16.5     8.2    11.6    93.5    73.6    87.2   0.162   0.185   0.158   0.124   0.163    12.8    12.7    12.4    11.7    11.2
04223 20250515  2.622 -121.45   48.54    13.4     7.9    10.6    10.3     1.4    10.02 C    21.3     7.9    11.6    93.9    57.4    79.1   0.163   0.186   0.158   0.124   0.162    12.7    12.5    12.4    11.7    11.2
04223 20250516  2.622 -121.45   48.54    15.2     7.9    11.5    11.2     2.2    12.13 C    24.1     7.8    13.0    94.8    59.8    82.3   0.166   0.186   0.158   0.123   0.161    13.0    12.7    12.4    11.7    11.2
04223 20250517  2.622 -121.45   48.54    14.0     6.8    10.4    10.5     6.0     6.65 C    18.0     5.4    11.6    94.6    73.4    90.3   0.179   0.191   0.158   0.123   0.160    13.0    12.8    12.6    11.9    11.5
04223 20250518  2.622 -121.45   48.54    13.8     5.8     9.8     8.5     3.5    11.71 C    22.4     4.2    10.0    94.6    55.1    87.0   0.227   0.216   0.161   0.124   0.161    12.4    12.4    12.4    11.8    11.5
04223 20250519  2.622 -121.45   48.54    12.5     5.3     8.9     8.8     9.4     8.10 C    21.6     3.8    10.3    94.8    75.7    90.8   0.262   0.268   0.171   0.127   0.162    11.9    11.9    12.1    11.6    11.4
04223 20250520  2.622 -121.45   48.54    13.7     7.4    10.5     9.3    10.7    11.46 C    22.9     7.2    11.4    94.7    70.6    89.4   0.292   0.304   0.193   0.136   0.167    12.6    12.4    12.2    11.6    11.2
04223 20250521  2.622 -121.45   48.54    18.6     6.9    12.7    11.6     0.0    26.03 C    29.0     4.3    14.3    95.2    39.1    77.0   0.279   0.322   0.218   0.158   0.181    13.6    13.2    12.6    11.8    11.4
04223 20250522  2.622 -121.45   48.54    19.8     6.8    13.3    12.5     0.0    22.55 C    33.8     4.3    14.9    94.1    43.7    74.1   0.249   0.293   0.211   0.161   0.188    14.1    13.7    13.1    12.3    11.7
04223 20250523  2.622 -121.45   48.54    20.3     7.2    13.7    13.1     0.0    25.99 C    32.2     4.7    15.7    93.3    36.3    70.2   0.230   0.256   0.203   0.158   0.187    14.6    14.2    13.5    12.6    12.0
04223 20250524  2.622 -121.45   48.54    25.3     5.8    15.5    14.9     0.0    25.97 C    35.1     3.2    16.6    94.5    32.5    68.8   0.216   0.243   0.195   0.154   0.184    14.9    14.5    13.8    12.9    12.3
04223 20250525  2.622 -121.45   48.54    23.1     6.8    14.9    15.3     0.0    24.94 C    34.4     3.9    17.2    94.8    41.7    69.1   0.204   0.231   0.188   0.149   0.181    15.2    14.8    14.1    13.2    12.6
04223 20250526  2.622 -121.45   48.54    19.4     9.9    14.6    14.4     1.3    16.03 C    28.6     7.8    15.4    88.0    47.3    74.1   0.197   0.235   0.184   0.146   0.178    15.6    15.2    14.5    13.6    12.9
04223 20250527  2.622 -121.45   48.54    25.2     8.4    16.8    15.7     0.0    25.78 C    34.6     6.8    17.8    92.4    34.3    68.5   0.191   0.223   0.180   0.142   0.175    15.8    15.4    14.6    13.7    13.1
04223 20250528  2.622 -121.45   48.54    32.4     9.8    21.1    20.6     0.0    26.65 C    40.6     6.5    20.6    90.7    23.2    57.2   0.180   0.218   0.173   0.137   0.171    16.7    16.0    15.0    14.0    13.3
04223 20250529  2.622 -121.45   48.54    16.8     6.2    11.5    12.8     2.5     8.41 C    23.2     3.2    13.2    94.5    57.0    81.4   0.174   0.209   0.168   0.133   0.168    15.7    15.6    15.2    14.3    13.6
04223 20250530  2.622 -121.45   48.54    26.9     5.1    16.0    15.2     0.0    27.93 C    34.9     2.2    16.8    95.2    27.7    66.0   0.171   0.204   0.165   0.130   0.165    15.4    15.2    14.7    14.0    13.5
04223 20250531  2.622 -121.45   48.54    16.5     8.8    12.6    12.3     2.4     8.07 C    22.6     6.1    12.9    94.1    62.1    84.0   0.166   0.196   0.162   0.127   0.163    14.9    14.9    14.8    14.1    13.6
04223 20250601  2.622 -121.45   48.54    20.1     6.7    13.4    13.6     0.0    26.49 C    33.2     2.7    15.6    94.9    34.1    67.9   0.165   0.194   0.159   0.125   0.161    15.4    15.1    14.6    13.9    13.4
04223 20250602  2.622 -121.45   48.54    20.8     4.2    12.5    13.0     0.0    20.69 C    35.0     1.1    14.4    94.1    43.6    67.8   0.160   0.188   0.155   0.121   0.159    14.8    14.7    14.6    13.9    13.5
04223 20250603  2.622 -121.45   48.54    23.4     4.7    14.1    14.3     0.0    27.51 C    35.4     1.6    16.0    94.8    33.5    64.5   0.154   0.173   0.150   0.117   0.156    15.2    14.9    14.6    13.9    13.4
04223 20250604  2.622 -121.45   48.54    21.7     6.5    14.1    14.9     0.0    25.37 C    33.1     3.0    17.2    92.9    49.2    70.7   0.146   0.162   0.144   0.113   0.153    15.6    15.3    14.8    14.0    13.5
04223 20250605  2.622 -121.45   48.54    26.1    11.3    18.7    18.4     0.0    27.29 C    37.9     9.6    21.1    90.5    43.3    67.9   0.140   0.152   0.139   0.109   0.150    17.1    16.5    15.3    14.3    13.7
04223 20250606  2.622 -121.45   48.54    24.8    10.6    17.7    16.9     0.0    12.05 C    31.1     7.8    17.1    92.3    49.8    75.3   0.134   0.145   0.134   0.105   0.146    16.6    16.3    15.6    14.8    14.1
04223 20250607  2.622 -121.45   48.54    27.8     9.7    18.7    18.3     0.0    24.60 C    39.1     6.9    20.1    94.8    40.6    71.6   0.129   0.137   0.129   0.101   0.144    17.1    16.5    15.6    14.8    14.2
04223 20250608  2.622 -121.45   48.54    31.7    11.3    21.5    21.0     0.0    27.86 C    41.7     7.7    22.2    92.7    28.7    63.0   0.122   0.127   0.123   0.096   0.140    18.0    17.4    16.1    15.1    14.4
04223 20250609  2.622 -121.45   48.54    30.2    11.2    20.7    20.1     0.0    28.00 C    41.7     7.0    21.2    94.3    21.6    60.2   0.113   0.119   0.117   0.090   0.136    18.4    17.8    16.6    15.6    14.8
04223 20250610  2.622 -121.45   48.54    28.0     8.2    18.1    18.0     0.0    28.11 C    40.4     4.5    19.8    92.0    28.8    61.8   0.106   0.111   0.121   0.083   0.132    17.8    17.4    16.6    15.7    15.0
04223 20250611  2.622 -121.45   48.54    24.6     8.0    16.3    16.8     0.0    23.27 C    37.1     4.7    18.8    93.9    44.1    67.8   0.099   0.103   0.114   0.078   0.128    17.4    17.1    16.5    15.6    15.0
04223 20250612  2.622 -121.45   48.54    20.4     9.6    15.0    14.4     0.0    15.69 C    34.6     6.5    16.6    83.5    46.8    67.2   0.094   0.097   0.110   0.074   0.125    17.0    16.8    16.4    15.6    15.0
04223 20250613  2.622 -121.45   48.54    16.2     8.2    12.2    12.7     0.0    10.24 C    25.0     4.9    14.7    89.7    59.6    75.3   0.091   0.092   0.105   0.070   0.123    15.7    15.8    15.9    15.3    14.9
04223 20250614  2.622 -121.45   48.54    17.9    11.0    14.4    13.9     0.0    11.81 C    27.0     7.8    16.1    87.4    54.4    71.3   0.082   0.089   0.086   0.068   0.120    16.0    15.8    15.6    15.0    14.6
04223 20250615  2.622 -121.45   48.54    23.8     9.4    16.6    15.5     0.0    24.95 C    38.7     5.2    19.2    89.0    36.0    64.5   0.076   0.085   0.081   0.063   0.117    16.8    16.5    15.8    15.0    14.5
04223 20250616  2.622 -121.45   48.54    23.0     6.4    14.7    14.9     0.0    22.08 C    35.3     3.2    16.9    95.1    41.6    67.6   0.072   0.081   0.076   0.059   0.113    16.2    16.1    15.8    15.1    14.6
04223 20250617  2.622 -121.45   48.54    25.2     6.0    15.6    16.0     0.0    23.89 C    41.0     2.6    18.9    94.4    30.0    64.1   0.064   0.077   0.072   0.055   0.110    16.5    16.2    15.7    15.0    14.6
04223 20250618  2.622 -121.45   48.54    21.7    11.9    16.8    15.6     1.7    15.67 C    33.7    10.9    17.4    93.5    49.5    75.8   0.060   0.075   0.070   0.053   0.107    17.3    17.0    16.2    15.3    14.7
04223 20250619  2.622 -121.45   48.54    22.6     6.5    14.6    15.2     0.0    25.88 C    38.6     2.9    19.0    94.4    36.4    60.9   0.056   0.073   0.067   0.051   0.104    17.0    16.7    16.1    15.3    14.8
04223 20250620  2.622 -121.45   48.54    13.6     9.8    11.7    11.5     2.9     4.11 C    17.0     9.3    12.0    93.7    59.2    78.7   0.054   0.071   0.065   0.050   0.102    15.4    15.6    15.9    15.3    14.8
04223 20250621  2.622 -121.45   48.54    15.7     8.8    12.3    12.0     5.4     8.94 C    22.5     7.3    13.1    94.5    60.4    86.0   0.077   0.067   0.065   0.050   0.102    14.9    14.9    15.2    14.7    14.4
04223 20250622  2.622 -121.45   48.54    17.2     8.1    12.6    13.3     0.0     5.98 C    20.7     5.9    13.9    95.0    64.9    82.7   0.078   0.070   0.066   0.051   0.102    14.8    14.8    15.0    14.5    14.2
04223 20250623  2.622 -121.45   48.54    24.9    11.2    18.0    16.8     0.0    20.97 C    36.1     8.5    19.1    93.3    39.9    73.2   0.077   0.073   0.066   0.050   0.101    16.6    16.2    15.3    14.6    14.1
04223 20250624  2.622 -121.45   48.54    26.5     9.3    17.9    17.9     0.0    19.19 C    38.0     6.7    20.2    94.6    37.5    68.1   0.075   0.076   0.066   0.049   0.099    16.9    16.6    15.8    14.9    14.4
04223 20250625  2.622 -121.45   48.54    22.3    12.6    17.5    16.8     0.0    14.23 C    36.1    12.1    19.1    86.4    52.5    70.9   0.073   0.075   0.065   0.048   0.095    17.2    16.9    16.1    15.2    14.6
04223 20250626  2.622 -121.45   48.54    21.4    13.0    17.2    16.0     2.1    13.20 C    36.0    12.4    18.5    94.5    55.3    78.7   0.072   0.073   0.063   0.047   0.094    17.4    17.0    16.3    15.4    14.8
04223 20250627  2.622 -121.45   48.54    18.1    11.8    14.9    13.9     1.9     7.82 C    24.7    12.5    15.4    94.3    68.1    86.4   0.070   0.072   0.063   0.047   0.093    16.6    16.5    16.2    15.4    14.9
04223 20250628  2.622 -121.45   48.54    23.2    10.8    17.0    16.1     0.0    13.35 C    29.1     7.5    16.9    94.4    46.8    78.4   0.070   0.073   0.063   0.047   0.093    16.8    16.5    16.0    15.3    14.8
04223 20250629  2.622 -121.45   48.54    28.7     8.4    18.6    18.1     0.0    27.92 C    40.9     5.6    21.2    95.2    38.1    70.5   0.068   0.072   0.061   0.045   0.090    17.5    17.0    16.1    15.3    14.8
04223 20250630  2.622 -121.45   48.54    31.3    11.0    21.2    20.8     0.0    27.54 C    43.9     8.2    23.4    94.8    34.3    65.8   0.066   0.070   0.060   0.044   0.086    18.8    18.2    16.8    15.7    15.1
04223 20250701  2.622 -121.45   48.54    30.8    11.0    20.9    20.8     0.0    27.75 C    45.3     8.0    23.5    94.4    35.4    64.8   0.063   0.068   0.058   0.041   0.082    19.4    18.8    17.4    16.2    15.5
04223 20250702  2.622 -121.45   48.54    24.7     9.6    17.1    17.3     0.0    22.99 C    40.9     6.3    20.0    94.8    39.9    66.2   0.060   0.065   0.055   0.039   0.079    18.6    18.3    17.4    16.4    15.7
04223 20250703  2.622 -121.45   48.54    23.2     9.3    16.3    16.1     0.0    25.76 C    40.4     5.8    20.2    87.1    35.4    60.0   0.056   0.064   0.053   0.038   0.076    18.6    18.3    17.4    16.4    15.7
04223 20250704  2.622 -121.45   48.54    25.5     6.8    16.2    16.8     0.0    25.46 C    41.4     3.9    20.8    93.5    39.0    60.8   0.053   0.061   0.051   0.036   0.073    18.2    17.9    17.2    16.3    15.7
04223 20250705  2.622 -121.45   48.54    24.5    10.5    17.5    16.8     0.0    23.28 C    40.9     6.7    20.6    87.2    42.3    62.4   0.051   0.060   0.049   0.034   0.071    18.7    18.4    17.5    16.5    15.8
04223 20250706  2.622 -121.45   48.54    27.3     7.6    17.5    17.7     0.0    27.05 C    43.2     4.4    21.2    93.9    30.5    63.5   0.047   0.058   0.049   0.033   0.069    18.5    18.2    17.4    16.5    15.8
04223 20250707  2.622 -121.45   48.54    30.4     9.4    19.9    19.6     0.0    27.26 C    46.3     6.4    23.1    93.0    30.5    63.3   0.045   0.056   0.058   0.032   0.066    19.2    18.8    17.6    16.6    15.9
04223 20250708  2.622 -121.45   48.54    29.6    10.5    20.1    20.4     0.0    27.21 C    46.4     7.4    24.2    94.3    34.9    63.3   0.042   0.054   0.057   0.029   0.063    19.9    19.3    18.0    16.9    16.1
04223 20250709  2.622 -121.45   48.54    19.0    14.0    16.5    16.9     5.7     3.95 C    22.4    14.3    17.9    93.6    73.7    85.9   0.041   0.054   0.053   0.028   0.063    18.9    18.8    18.1    17.1    16.3
04223 20250710  2.622 -121.45   48.54    22.6    12.1    17.4    15.6     1.8    18.46 C    32.0    10.2    17.7    94.1    51.5    82.6   0.042   0.056   0.046   0.030   0.065    18.4    18.3    17.7    16.8    16.2
04223 20250711  2.622 -121.45   48.54    28.7    10.1    19.4    19.2     0.0    26.54 C    42.0     7.6    22.5    95.2    38.1    70.6   0.043   0.058   0.046   0.030   0.065    19.2    18.7    17.7    16.8    16.2
04223 20250712  2.622 -121.45   48.54    29.6    13.7    21.6    21.1     0.0    26.29 C    46.2    11.2    25.3    91.7    42.4    69.6   0.044   0.059   0.047   0.030   0.064    20.6    19.9    18.3    17.1    16.4
04223 20250713  2.622 -121.45   48.54    32.3    14.5    23.4    23.2     0.0    25.16 C    47.5    12.2    26.7    93.2    32.1    63.1   0.042   0.058   0.045   0.030   0.062    21.3    20.6    18.9    17.6    16.7
04223 20250714  2.622 -121.45   48.54    26.6    13.9    20.2    19.1     0.0    14.65 C    41.8    11.0    21.3    92.6    46.0    74.5   0.040   0.057   0.045   0.029   0.060    20.3    20.0    19.0    17.8    17.0
04223 20250715  2.622 -121.45   48.54    33.0    11.0    22.0    21.3     0.0    26.69 C    48.0     8.3    24.5    94.6    22.3    62.6   0.039   0.055   0.048   0.027   0.060    20.2    19.8    18.7    17.7    16.9
04223 20250716  2.622 -121.45   48.54    33.8    12.6    23.2    22.8     0.0    26.15 C    50.3     9.3    25.9    90.6    23.1    56.2   0.037   0.054   0.055   0.026   0.058    20.9    20.4    19.0    17.8    17.1
04223 20250717  2.622 -121.45   48.54    30.7    11.8    21.2    21.3     0.0    26.38 C    47.4     8.3    24.6    91.9    30.3    60.8   0.035   0.052   0.054   0.024   0.056    21.0    20.6    19.3    18.1    17.2
04223 20250718  2.622 -121.45   48.54    22.4    12.1    17.2    17.7     0.0    12.49 C    30.7     9.1    18.9    93.0    57.1    73.7   0.033   0.051   0.054   0.022   0.056    19.4    19.4    19.1    18.1    17.3
04223 20250719  2.622 -121.45   48.54    22.7    12.0    17.4    16.6     0.0    15.15 C    40.9    10.5    19.8    83.4    48.1    68.6   0.034   0.050   0.053   0.023   0.055    18.8    18.8    18.5    17.7    17.1
04223 20250720  2.622 -121.45   48.54    25.4    10.1    17.7    17.7     0.0    24.23 C    42.3     7.2    22.2    91.6    39.9    64.9   0.033   0.050   0.053   0.024   0.055    19.5    19.2    18.4    17.5    17.0
04223 20250721  2.622 -121.45   48.54    27.2    13.0    20.1    18.2     7.1    19.38 C    46.1    12.0    23.0    94.3    40.6    74.2   0.040   0.049   0.044   0.023   0.055    20.3    19.8    18.8    17.7    17.1
04223 20250722  2.622 -121.45   48.54    25.1    14.2    19.7    19.0     0.0    22.37 C    39.3    11.7    22.4    94.5    55.2    82.0   0.054   0.054   0.044   0.024   0.056    21.0    20.5    19.2    18.0    17.2
04223 20250723  2.622 -121.45   48.54    29.7    12.3    21.0    20.5     0.0    24.89 C    45.8     9.9    23.4    94.9    39.5    70.7   0.054   0.056   0.051   0.023   0.056    20.6    20.2    19.2    18.2    17.4
04223 20250724  2.622 -121.45   48.54    28.6    12.7    20.7    20.4     0.0    24.73 C    45.4    10.0    23.6    94.7    41.9    68.6   0.052   0.057   0.048   0.024   0.056    20.7    20.4    19.4    18.3    17.5
04223 20250725  2.622 -121.45   48.54    24.2    10.5    17.3    16.4     0.0    19.53 C    42.3     8.2    19.5    93.2    43.0    74.6   0.049   0.056   0.045   0.024   0.056    19.6    19.6    19.2    18.2    17.5
04223 20250726  2.622 -121.45   48.54    24.6    11.0    17.8    17.2     0.0    22.49 C    42.0     9.1    20.3    92.6    41.4    68.9   0.047   0.053   0.046   0.023   0.055    19.4    19.3    18.8    18.0    17.4
04223 20250727  2.622 -121.45   48.54    25.4    11.1    18.2    17.0     0.0    16.49 C    41.5     9.0    20.2    91.2    40.5    70.0   0.046   0.053   0.044   0.022   0.054    19.0    19.0    18.7    17.9    17.3
04223 20250728  2.622 -121.45   48.54    28.3     9.3    18.8    18.3     0.0    23.57 C    44.3     8.5    21.6    94.5    33.8    67.0   0.044   0.051   0.043   0.022   0.054    19.1    19.0    18.5    17.7    17.1
04223 20250729  2.622 -121.45   48.54    31.0     9.9    20.4    19.8     0.0    23.69 C    46.4     6.8    22.4    94.6    31.6    64.3   0.041   0.051   0.042   0.021   0.054    19.6    19.4    18.7    17.7    17.2
04223 20250730  2.622 -121.45   48.54    30.9    11.0    20.9    20.7     0.0    22.87 C    46.4     8.2    23.3    94.3    30.5    62.9   0.039   0.049   0.054   0.022   0.053    20.2    19.9    18.6    18.0    17.3
04223 20250731  2.622 -121.45   48.54    28.1    12.5    20.3    19.9     1.0    16.62 C    44.2    10.6    23.0    92.8    36.9    68.6   0.037   0.048   0.053   0.022   0.052    20.4    20.0    18.8    18.2    17.5
04223 20250801  2.622 -121.45   48.54    27.3    14.2    20.8    19.9     0.0    14.94 C    41.5    10.7    21.8    94.4    42.1    72.5   0.035   0.043   0.052   0.022   0.051    20.6    20.2    18.9    18.3    17.5
04223 20250802  2.622 -121.45   48.54    25.2    10.5    17.8    18.0     0.0    22.82 C    42.2     7.4    21.0    94.4    48.9    72.4   0.033   0.042   0.052   0.020   0.051    19.9    19.8    18.9    18.3    17.6
04223 20250803  2.622 -121.45   48.54    24.3    14.8    19.5    18.4     0.0    18.12 C    40.7    14.3    22.8    86.4    49.1    67.4   0.032   0.041   0.053   0.020   0.050    20.2    19.9    18.8    18.3    17.6
04223 20250804  2.622 -121.45   48.54    21.9    15.1    18.5    18.3     0.0    10.61 C    33.5    14.7    21.1    82.7    55.6    69.3   0.030   0.042   0.052   0.020   0.050    20.1    19.9    18.9    18.4    17.6
04223 20250805  2.622 -121.45   48.54    27.3    14.3    20.8    19.8     0.0    18.38 C    43.1    13.8    23.9    83.9    31.8    63.9   0.029   0.042   0.052   0.019   0.049    20.6    20.2    18.9    18.3    17.6
04223 20250806  2.622 -121.45   48.54    19.6    15.7    17.7    17.1     9.2     4.01 C    21.9    15.7    17.8    93.8    77.4    90.1   0.058   0.042   0.052   0.020   0.050    19.9    19.7    19.1    18.4    17.7
04223 20250807  2.622 -121.45   48.54    21.4    13.1    17.3    16.5     2.8    13.47 C    34.2    12.7    18.7    93.5    47.8    75.9   0.080   0.073   0.053   0.021   0.051    19.7    19.3    18.8    18.2    17.6
04223 20250808  2.622 -121.45   48.54    25.4    10.9    18.1    17.9     0.0    20.14 C    38.2     8.5    20.5    94.4    41.3    70.4   0.072   0.074   0.053   0.022   0.052    19.8    19.3    18.7    18.1    17.5
04223 20250809  2.622 -121.45   48.54    27.7    10.1    18.9    18.7     0.0    20.26 C    40.2     7.9    20.6    94.5    38.9    70.6   0.070   0.069   0.054   0.022   0.052    19.5    19.2    18.7    18.1    17.5
04223 20250810  2.622 -121.45   48.54    31.6    12.4    22.0    21.4     0.0    20.81 C    44.5    10.2    23.1    93.9    36.4    67.8   0.068   0.068   0.055   0.022   0.052    20.1    19.8    18.8    18.2    17.5
04223 20250811  2.622 -121.45   48.54    34.5    14.1    24.3    23.0     0.0    20.71 C    47.0    11.5    24.1    91.6    24.3    63.0   0.064   0.067   0.058   0.022   0.052    20.7    20.4    19.1    18.4    17.7
04223 20250812  2.622 -121.45   48.54    34.1    12.8    23.5    22.6     0.0    20.57 C    46.5     9.9    23.5    93.4    23.2    60.8   0.060   0.063   0.058   0.023   0.053    20.7    20.4    19.3    18.6    17.9
04223 20250813  2.622 -121.45   48.54    29.0    13.0    21.0    20.3     0.0    14.77 C    44.2    10.0    21.3    91.2    37.1    64.7   0.056   0.056   0.058   0.022   0.053    20.0    20.0    19.3    18.7    18.0
04223 20250814  2.622 -121.45   48.54    25.1    15.2    20.2    18.8     3.5    12.80 C    39.2    13.8    20.9    93.2    44.3    66.8   0.053   0.054   0.059   0.020   0.052    19.6    19.6    19.1    18.5    17.9
04223 20250815  2.622 -121.45   48.54    18.1    14.7    16.4    16.5    43.3     2.29 C    19.3    14.7    16.9    94.6    89.7    93.2   0.151   0.113   0.114   0.046   0.054    18.7    18.8    18.8    18.4    17.8
04223 20250816  2.622 -121.45   48.54    20.6    14.4    17.5    17.3     0.2     8.10 C    26.6    13.2    18.5    94.6    67.1    89.0   0.136   0.188   0.170   0.095   0.066    19.0    18.9    18.6    18.2    17.7
04223 20250817  2.622 -121.45   48.54    22.9    13.3    18.1    17.4     1.1    11.07 C    30.0    12.1    18.7    94.4    46.4    78.9   0.118   0.175   0.155   0.095   0.071    19.1    19.0    18.7    18.2    17.7
04223 20250818  2.622 -121.45   48.54    23.6    11.5    17.6    17.8     0.0    15.43 C    36.3     9.6    19.8    94.4    51.1    74.6   0.114   0.168   0.150   0.092   0.073    18.9    18.8    18.6    18.2    17.7
04223 20250819  2.622 -121.45   48.54    25.0    12.8    18.9    17.7     0.0    12.76 C    38.1    11.1    19.2    93.2    39.7    75.7   0.111   0.163   0.148   0.090   0.074    19.2    19.1    18.7    18.3    17.7
04223 20250820  2.622 -121.45   48.54    24.9    11.2    18.0    17.6     0.0    17.69 C    36.9     8.6    18.9    93.6    41.9    73.2   0.109   0.158   0.145   0.088   0.075    19.0    18.9    18.7    18.2    17.8
04223 20250821  2.622 -121.45   48.54    26.1     8.4    17.2    16.7     0.0    17.58 C    36.7     6.0    17.2    94.9    37.5    73.9   0.106   0.154   0.142   0.087   0.076    18.1    18.2    18.4    18.0    17.6
04223 20250822  2.622 -121.45   48.54    33.1    10.7    21.9    20.4     0.0    18.26 C    41.5     7.8    19.6    93.3    18.3    62.1   0.103   0.149   0.140   0.085   0.076    18.3    18.2    18.2    17.8    17.5
04223 20250823  2.622 -121.45   48.54    35.8    11.3    23.5    21.6     0.0    18.02 C    43.1     8.2    20.3    88.6    16.3    58.6   0.100   0.144   0.137   0.082   0.077    18.7    18.6    18.3    17.8    17.4
04223 20250824  2.622 -121.45   48.54    32.2    12.5    22.3    21.2     0.0    15.82 C    39.7     9.3    20.2    87.5    25.5    63.8   0.097   0.140   0.134   0.080   0.077    18.8    18.7    18.4    17.9    17.5
04223 20250825  2.622 -121.45   48.54    32.4    12.9    22.7    21.4     0.0    16.55 C    39.7    10.4    20.6    93.7    31.0    67.7   0.092   0.135   0.131   0.079   0.078    19.1    18.9    18.5    18.0    17.6
04223 20250826  2.622 -121.45   48.54    30.9    13.6    22.3    21.4     0.0    16.35 C    39.6    10.8    21.1    92.8    33.3    68.9   0.089   0.130   0.128   0.077   0.078    19.2    19.0    18.6    18.1    17.6
04223 20250827  2.622 -121.45   48.54    30.0    15.1    22.6    21.7     0.0    14.63 C    36.9    13.1    22.3    92.6    41.4    73.3   0.086   0.126   0.125   0.075   0.079    19.7    19.5    18.8    18.3    17.7
04223 20250828  2.622 -121.45   48.54    23.6    16.0    19.8    19.7     0.5     4.04 C    26.3    13.8    19.4    93.8    70.2    88.1   0.083   0.123   0.122   0.073   0.078    19.7    19.6    19.1    18.5    17.9
04223 20250829  2.622 -121.45   48.54    28.1    13.7    20.9    20.1     0.0    15.40 C    36.6    11.2    20.0    94.8    45.3    75.3   0.081   0.120   0.120   0.072   0.079    19.3    19.2    18.9    18.4    17.9
04223 20250830  2.622 -121.45   48.54    26.8    14.1    20.4    19.8     0.0    14.81 C    35.3    11.0    20.4    92.8    43.5    74.4   0.079   0.115   0.117   0.069   0.079    19.6    19.4    19.0    18.4    17.9
04223 20250831  2.622 -121.45   48.54    25.6    11.3    18.5    18.2     0.0    13.52 C    33.3     8.4    17.6    94.6    44.5    76.1   0.075   0.111   0.114   0.067   0.078    18.5    18.6    18.7    18.3    17.9
04223 20250901  2.622 -121.45   48.54    23.4    12.7    18.0    17.3     0.0    11.00 C    30.8    10.4    17.5    94.8    60.6    83.3   0.073   0.108   0.112   0.065   0.078    18.2    18.3    18.5    18.0    17.7
04223 20250902  2.622 -121.45   48.54    26.9    14.5    20.7    19.7     0.0    13.57 C    32.9    12.1    19.9    93.5    52.2    79.0   0.071   0.104   0.109   0.063   0.077    18.7    18.6    18.4    18.0    17.6
04223 20250903  2.622 -121.45   48.54    30.0    12.7    21.3    20.4     0.0    13.35 C    34.9     9.9    19.2    94.2    36.2    74.1   0.069   0.101   0.106   0.061   0.077    18.6    18.5    18.4    18.0    17.6
04223 20250904  2.622 -121.45   48.54    24.6    13.9    19.2    18.5     0.0     9.99 C    28.6    11.4    18.1    95.0    60.8    84.7   0.067   0.098   0.104   0.059   0.077    18.4    18.4    18.4    17.9    17.6
04223 20250905  2.622 -121.45   48.54    26.3    13.1    19.7    18.5     0.0     9.26 C    29.2    10.7    17.8    95.0    57.5    84.0   0.067   0.095   0.101   0.058   0.076    18.1    18.1    18.2    17.8    17.5
04223 20250906  2.622 -121.45   48.54    24.4    14.1    19.3    18.2     0.0     4.63 C    26.2    11.5    17.6    94.9    62.4    84.8   0.066   0.092   0.100   0.055   0.076    18.0    17.9    18.2    17.7    17.4
04223 20250907  2.622 -121.45   48.54    18.1    15.1    16.6    16.4     0.4     1.61 C    20.2    13.6    16.5    92.0    84.1    88.2   0.064   0.091   0.100   0.055   0.076    17.6    17.7    18.0    17.6    17.3
04223 20250908  2.622 -121.45   48.54    24.9    13.5    19.2    18.4     0.0     9.90 C    31.5    10.4    17.8    93.3    48.5    77.7   0.064   0.090   0.098   0.054   0.076    18.0    17.9    18.0    17.4    17.2
04223 20250909  2.622 -121.45   48.54    24.1    13.9    19.0    18.1     0.0     8.42 C    27.6    12.2    18.1    92.0    51.7    75.6   0.063   0.088   0.097   0.052   0.076    17.7    17.7    17.9    17.4    17.1
04223 20250910  2.622 -121.45   48.54    25.3    14.6    19.9    19.0     0.0    11.69 C    32.3    11.7    18.4    93.2    47.3    75.2   0.061   0.086   0.095   0.052   0.075    18.0    17.9    17.9    17.4    17.0
04223 20250911  2.622 -121.45   48.54    21.9    15.8    18.8    17.9     0.0     5.43 C    24.4    13.8    18.3    86.9    61.5    76.8   0.061   0.084   0.092   0.050   0.074    17.9    17.8    17.9    17.4    17.1
04223 20250912  2.622 -121.45   48.54    23.6    13.6    18.6    17.8     0.0     9.95 C    30.6    10.8    17.3    90.4    48.5    73.4   0.060   0.081   0.090   0.048   0.073    17.8    17.8    17.9    17.4    17.0
04223 20250913  2.622 -121.45   48.54    26.6    11.7    19.2    17.9     0.0    11.69 C    32.2     7.9    16.4    94.4    40.2    71.5   0.059   0.079   0.087   0.047   0.072    17.1    17.2    17.7    17.2    16.9
04223 20250914  2.622 -121.45   48.54    17.2    10.6    13.9    13.3     9.8     2.53 C    18.8     7.3    13.2    94.2    70.3    88.4   0.074   0.087   0.089   0.047   0.071    16.0    16.3    17.3    16.9    16.8
04223 20250915  2.622 -121.45   48.54    21.3    10.7    16.0    14.5     0.0    10.64 C    25.3     8.8    14.0    94.8    50.9    83.3   0.081   0.107   0.104   0.045   0.072    16.0    16.1    16.9    16.6    16.4
04223 20250916  2.622 -121.45   48.54    31.5    10.0    20.7    18.6     0.0    10.35 C    32.8     7.3    15.8    94.9    20.9    68.1   0.076   0.105   0.099   0.045   0.072    15.9    15.9    16.7    16.3    16.2
04223 20250917  2.622 -121.45   48.54    25.8    10.2    18.0    17.3     0.0    10.32 C    29.8     7.1    14.7    91.6    31.7    67.8   0.075   0.101   0.097   0.045   0.072    15.7    15.8    16.6    16.1    16.1
04223 20250918  2.622 -121.45   48.54    21.9     8.9    15.4    14.7     0.0     9.98 C    27.2     6.0    13.0    94.9    52.5    80.0   0.073   0.097   0.093   0.044   0.072    15.2    15.4    16.4    16.0    15.9
04223 20250919  2.622 -121.45   48.54    23.7     8.0    15.8    14.8     0.0     9.88 C    27.3     4.9    13.2    95.4    49.2    80.7   0.071   0.093   0.091   0.044   0.071    14.8    14.9    16.1    15.7    15.7
04223 20250920  2.622 -121.45   48.54    25.6     8.7    17.1    16.3     0.0     9.90 C    29.3     5.5    14.5    95.1    40.5    74.9   0.069   0.091   0.087   0.045   0.071    14.8    14.9    15.9    15.5    15.4
04223 20250921  2.622 -121.45   48.54    19.0     9.0    14.0    13.8    22.9     4.85 C    22.0     5.8    13.4    94.7    53.2    88.9   0.121   0.151   0.136   0.065   0.074    15.2    15.3    15.9    15.5    15.4
04223 20250922  2.622 -121.45   48.54    20.6     6.5    13.5    12.2     0.0     9.51 C    23.6     4.1    10.5    95.6    45.2    82.4   0.113   0.159   0.142   0.070   0.077    14.0    14.2    15.6    15.2    15.3
04223 20250923  2.622 -121.45   48.54    25.0     7.7    16.3    14.6     0.0     9.48 C    26.6     4.4    12.2    95.2    31.6    76.8   0.108   0.152   0.135   0.068   0.078    13.7    13.9    15.1    14.8    14.9
04223 20250924  2.622 -121.45   48.54 -9999.0 -9999.0 -9999.0 -9999.0     0.0 -9999.00 U -9999.0 -9999.0 -9999.0 -9999.0 -9999.0 -9999.0 -99.000 -99.000 -99.000 -99.000 -99.000 -9999.0 -9999.0 -9999.0 -9999.0 -9999.0
04223 20250925  2.622 -121.45   48.54    19.7     7.0    13.4    11.8     0.0     8.29 C    27.7     1.7    11.1    95.9    35.2    78.2   0.103   0.143   0.127   0.066   0.079    13.5    13.7    14.9    14.5    14.5
04223 20250926  2.622 -121.45   48.54    19.0     8.7    13.8    12.5     0.0     5.83 C    24.5     6.1    12.9    91.9    45.4    78.8   0.102   0.139   0.124   0.066   0.078    13.6    13.7    14.8    14.3    14.3
04223 20250927  2.622 -121.45   48.54    21.6    10.9    16.2    14.4     1.1     6.01 C    23.4     6.8    13.9    94.3    49.7    82.3   0.101   0.137   0.122   0.066   0.079    14.5    14.4    15.0    14.4    14.3
04223 20250928  2.622 -121.45   48.54    23.3     9.0    16.1    15.0     0.0     7.58 C    27.2     5.0    13.7    94.9    49.3    80.3   0.100   0.135   0.121   0.066   0.078    14.2    14.3    15.0    14.5    14.4
04223 20250929  2.622 -121.45   48.54    15.1    12.1    13.6    13.7     7.8     0.75 C    17.2     9.5    13.3    95.0    87.5    92.9   0.101   0.136   0.120   0.067   0.079    14.4    14.4    15.1    14.6    14.4
04223 20250930  2.622 -121.45   48.54    19.4    12.1    15.7    14.4     4.4     9.13 C    24.2    10.2    14.8    95.1    50.2    86.4   0.129   0.178   0.135   0.072   0.081    14.8    14.7    15.1    14.6    14.4
04223 20251001  2.622 -121.45   48.54    17.0    11.2    14.1    13.2     8.4     5.95 C    20.7     8.8    13.6    95.1    70.0    90.9   0.158   0.201   0.140   0.076   0.082    14.7    14.7    15.2    14.7    14.5
04223 20251002  2.622 -121.45   48.54    18.0     7.4    12.7    12.3     0.5     5.73 C    24.3     2.7    11.2    95.6    56.0    88.5   0.170   0.210   0.144   0.077   0.083    14.3    14.5    15.2    14.7    14.5
04223 20251003  2.622 -121.45   48.54    18.5     5.1    11.8    11.5     0.0     8.50 C    25.4     0.9    10.7    95.9    54.7    82.6   0.154   0.194   0.144   0.077   0.084    13.0    13.3    14.6    14.3    14.3
04223 20251004  2.622 -121.45   48.54    17.0     8.3    12.6    12.1     1.6     5.09 C    21.9     4.1    12.2    95.1    63.2    87.9   0.146   0.185   0.144   0.080   0.085    13.7    13.7    14.6    14.1    14.1
04223 20251005  2.622 -121.45   48.54    19.8     4.9    12.3    10.3     0.0     7.41 C    19.3    -0.1     6.0    95.6    21.3    71.8   0.146   0.182   0.144   0.082   0.086    12.1    12.6    14.3    13.9    13.9
04223 20251006  2.622 -121.45   48.54    21.2     2.9    12.1    10.3     0.0     7.10 C    21.8    -0.7     6.3    95.0    34.2    77.8   0.141   0.178   0.144   0.082   0.088    10.9    11.4    13.4    13.2    13.4
04223 20251007  2.622 -121.45   48.54    23.2     6.1    14.6    12.5     0.0     7.19 C    24.0     1.4     8.5    95.3    40.2    77.6   0.137   0.174   0.144   0.083   0.088    11.1    11.4    13.1    12.8    13.0
04223 20251008  2.622 -121.45   48.54    16.5     8.2    12.4    11.6     0.0     4.97 C    24.9     3.1    10.7    92.6    55.5    79.6   0.135   0.171   0.144   0.083   0.090    11.9    12.0    13.1    12.7    12.9
04223 20251009  2.622 -121.45   48.54    18.9     7.4    13.1    11.9     0.0     6.26 C    22.7     3.1    10.0    95.1    48.0    81.4   0.132   0.168   0.144   0.082   0.092    12.0    12.2    13.2    12.8    12.8
04223 20251010  2.622 -121.45   48.54    13.3     7.4    10.4    11.0     0.0     1.55 C    16.1     3.3    10.3    95.3    79.5    90.1   0.129   0.166   0.144   0.083   0.093    11.8    12.0    13.2    12.7    12.8
04223 20251011  2.622 -121.45   48.54    11.5     9.0    10.3    10.3    12.0     1.72 C    14.4     7.9    10.9    95.1    91.9    94.0   0.159   0.182   0.147   0.086   0.094    12.1    12.2    13.2    12.7    12.7
04223 20251012  2.622 -121.45   48.54     9.3     2.5     5.9     7.1    15.8     1.58 C    10.5     0.0     7.2    96.0    89.0    94.0   0.234   0.257   0.191   0.115   0.104    11.4    11.7    13.1    12.6    12.7
04223 20251013  2.622 -121.45   48.54    14.5     1.1     7.8     7.6     0.0     6.55 C    13.5    -1.2     4.0    96.4    34.8    68.6   0.211   0.256   0.211   0.134   0.127     9.8    10.3    12.4    12.1    12.3
04223 20251014  2.622 -121.45   48.54    16.7     0.8     8.7     6.6     0.0     6.55 C    14.3    -3.6     1.8    93.3    21.4    70.4   0.187   0.240   0.205   0.133   0.143     8.6     9.3    11.7    11.4    11.8
04223 20251015  2.622 -121.45   48.54    15.1     0.2     7.6     6.2     0.0     5.89 C    17.2    -4.4     2.3    94.8    34.6    75.5   0.175   0.230   0.200   0.131   0.148     8.0     8.6    11.0    10.8    11.2
04223 20251016  2.622 -121.45   48.54    14.0    -0.6     6.7     6.9     0.0     5.75 C    18.2    -4.3     5.3    95.7    47.8    80.9   0.168   0.224   0.198   0.130   0.149     8.0     8.4    10.6    10.3    10.7
04223 20251017  2.622 -121.45   48.54    12.4     5.1     8.7     8.6     3.5     3.65 C    17.1     0.7     8.1    95.5    74.5    91.5   0.179   0.229   0.197   0.130   0.150     9.6     9.6    10.8    10.3    10.5
04223 20251018  2.622 -121.45   48.54    11.1     3.7     7.4     7.1    27.9     2.59 C    15.2     0.2     6.9    95.8    65.3    90.6   0.205   0.249   0.209   0.140   0.156     9.1     9.4    10.8    10.4    10.6
04223 20251019  2.622 -121.45   48.54     9.1     6.7     7.9     7.7    47.1     1.03 C    12.0     6.5     7.8    95.3    91.6    94.2   0.274   0.320   0.277   0.236   0.250     8.9     9.0    10.4    10.1    10.3
04223 20251020  2.622 -121.45   48.54    11.8     7.8     9.8     9.2     1.6     3.43 C    16.5     5.4     9.6    95.4    82.9    93.4   0.245   0.302   0.258   0.211   0.234     9.7     9.7    10.6    10.1    10.2
04223 20251021  2.622 -121.45   48.54    14.9     4.4     9.7     8.9     0.0     4.85 C    17.5    -0.3     6.9    96.2    57.5    89.7   0.219   0.281   0.243   0.195   0.225     9.8     9.9    10.9    10.4    10.4
04223 20251022  2.622 -121.45   48.54    13.7     3.1     8.4     8.3     0.6     3.72 C    16.7    -1.0     6.5    96.4    56.6    90.5   0.210   0.273   0.236   0.188   0.220     8.8     9.1    10.6    10.2    10.3
04223 20251023  2.622 -121.45   48.54    14.0     7.6    10.8     9.9     0.0     2.60 C    15.8     4.8     9.3    95.6    74.4    91.6   0.207   0.268   0.233   0.184   0.217     9.8     9.8    10.7    10.2    10.3
04223 20251024  2.622 -121.45   48.54    10.1     6.5     8.3     8.3    46.4     0.26 C    10.7     5.8     7.9    95.2    91.9    94.2   0.248   0.301   0.257   0.210   0.237     9.7     9.8    10.8    10.3    10.3
04223 20251025  2.622 -121.45   48.54    10.8     3.7     7.2     6.8    17.4     1.89 C    11.5     0.9     6.3    95.8    70.0    92.1   0.258   0.315   0.267   0.220   0.240     8.9     9.2    10.6    10.1    10.2
04223 20251026  2.622 -121.45   48.54     7.1     5.3     6.2     6.0    23.4     1.34 C    10.0     4.7     6.6    95.2    91.3    94.1   0.271   0.327   0.278   0.232   0.250     8.6     8.8    10.2     9.8     9.9
04223 20251027  2.622 -121.45   48.54     8.8     1.3     5.0     5.4     4.2     2.81 C    13.0    -1.1     5.0    96.1    73.3    93.4   0.253   0.314   0.266   0.217   0.238     8.5     8.7    10.1     9.7     9.7
04223 20251028  2.622 -121.45   48.54     7.4     0.3     3.9     4.9    28.9     0.87 C     8.1    -2.1     4.2    96.4    85.3    93.0   0.244   0.302   0.257   0.206   0.233     7.4     7.8     9.7     9.3     9.5
04223 20251029  2.622 -121.45   48.54    10.1     4.9     7.5     8.0     7.6     2.23 C    14.0     1.5     8.0    95.8    90.4    94.6   0.260   0.319   0.276   0.225   0.246     8.4     8.4     9.5     9.0     9.2
04223 20251030  2.622 -121.45   48.54    11.1     2.6     6.8     5.7     0.0     3.89 C    13.7    -0.5     3.7    96.5    84.3    94.3   0.236   0.298   0.255   0.205   0.232     7.9     8.2     9.6     9.1     9.2
04223 20251031  2.622 -121.45   48.54     8.7     2.4     5.5     6.5    27.6     0.79 C     9.3    -0.1     5.7    96.3    88.0    94.7   0.248   0.307   0.261   0.210   0.233     7.4     7.6     9.3     8.9     9.0
04223 20251101  2.622 -121.45   48.54    12.6     6.3     9.5     8.7    41.2     0.56 C    13.4     3.6     8.3    95.7    85.6    94.4   0.286   0.340   0.292   0.244   0.260     8.6     8.5     9.3     8.8     8.8
04223 20251102  2.622 -121.45   48.54    10.0     3.4     6.7     6.2     3.4     4.16 C    14.1    -0.2     5.6    96.0    73.3    91.7   0.263   0.322   0.275   0.224   0.243     8.3     8.4     9.4     8.9     8.9
04223 20251103  2.622 -121.45   48.54     9.2     1.3     5.3     5.4     0.0     1.80 C    10.8    -1.7     4.4    96.4    74.3    92.4   0.237   0.298   0.254   0.204   0.232     7.6     7.8     9.2     8.8     8.9
04223 20251104  2.622 -121.45   48.54    12.6    -0.4     6.1     6.7     0.0     4.68 C    10.2    -3.9     3.5    96.6    47.0    75.6   0.227   0.288   0.246   0.197   0.227     6.6     7.0     8.9     8.5     8.7
04223 20251105  2.622 -121.45   48.54    12.8     7.7    10.3     9.6    34.4     0.64 C    11.5     7.4     9.0    95.3    51.1    89.5   0.268   0.318   0.266   0.214   0.235     8.1     8.0     8.9     8.4     8.5
04223 20251106  2.622 -121.45   48.54    10.1     6.1     8.1     8.2    31.5     1.03 C    12.5     5.9     8.2    95.4    84.5    93.8   0.289   0.341   0.292   0.242   0.256     8.6     8.5     9.3     8.7     8.6
04223 20251107  2.622 -121.45   48.54     8.5     3.9     6.2     6.5     9.4     1.52 C    11.3     0.2     6.2    96.1    87.8    94.4   0.274   0.331   0.281   0.231   0.247     8.3     8.4     9.3     8.8     8.7
04223 20251108  2.622 -121.45   48.54 -9999.0 -9999.0 -9999.0 -9999.0 -9999.0 -9999.00 U -9999.0 -9999.0 -9999.0 -9999.0 -9999.0 -9999.0 -99.000 -99.000 -99.000 -99.000 -99.000 -9999.0 -9999.0 -9999.0 -9999.0 -9999.0
