04237 20250101  2.623 -123.81   47.51     6.3     3.2     4.8     4.3     2.1     1.67 C     7.3     2.6     4.1    96.2    85.5    93.4   0.321   0.178 -99.000 -99.000 -99.000     5.2     5.2 -9999.0 -9999.0 -9999.0
04237 20250102  2.623 -123.81   47.51     7.2     2.9     5.0     5.1     2.6     0.60 C     7.5     0.7     4.3    96.6    90.3    94.3   0.317   0.175 -99.000 -99.000 -99.000     5.3     5.3 -9999.0 -9999.0 -9999.0
04237 20250103  2.623 -123.81   47.51     8.9     3.0     5.9     7.1    19.1     0.39 C     8.9     1.2     6.3    96.4    78.5    92.2   0.331   0.191 -99.000 -99.000 -99.000     5.6     5.5 -9999.0 -9999.0 -9999.0
04237 20250104  2.623 -123.81   47.51     7.1     5.8     6.5     6.3    25.4     0.14 C     7.4     5.5     6.1    96.0    90.4    94.3   0.336   0.195 -99.000 -99.000 -99.000     5.9     5.9 -9999.0 -9999.0 -9999.0
04237 20250105  2.623 -123.81   47.51     8.9     3.5     6.2     6.6     1.5     0.94 C     9.8     0.6     5.8    96.7    93.3    95.5   0.325   0.183 -99.000 -99.000 -99.000     6.1     6.1 -9999.0 -9999.0 -9999.0
04237 20250106  2.623 -123.81   47.51     7.4     2.0     4.7     3.8     0.0     2.94 C    10.5    -0.5     1.5    96.9    93.3    96.3   0.311   0.170 -99.000 -99.000 -99.000     4.7     4.9 -9999.0 -9999.0 -9999.0
04237 20250107  2.623 -123.81   47.51     8.2     0.5     4.4     4.3     2.8     1.37 C     8.7    -1.6     3.1    97.2    95.6    96.4   0.307   0.165 -99.000 -99.000 -99.000     4.2     4.3 -9999.0 -9999.0 -9999.0
04237 20250108  2.623 -123.81   47.51     7.6     3.0     5.3     6.0     0.3     1.63 C     9.6     0.3     5.3    97.0    93.5    95.9   0.319   0.177 -99.000 -99.000 -99.000     5.3     5.2 -9999.0 -9999.0 -9999.0
04237 20250109  2.623 -123.81   47.51     9.5     3.0     6.2     5.3     0.0     3.15 C    11.9     0.5     3.6    96.9    95.5    96.3   0.307   0.167 -99.000 -99.000 -99.000     4.7     4.8 -9999.0 -9999.0 -9999.0
04237 20250110  2.623 -123.81   47.51     8.6     3.8     6.2     6.0    16.6     1.83 C    10.9     2.1     5.6    96.7    92.3    95.7   0.328   0.187 -99.000 -99.000 -99.000     5.2     5.2 -9999.0 -9999.0 -9999.0
04237 20250111  2.623 -123.81   47.51     9.0     1.6     5.3     4.8     0.6     3.10 C    13.0    -0.2     4.3    96.8    73.2    94.5   0.316   0.178 -99.000 -99.000 -99.000     5.3     5.3 -9999.0 -9999.0 -9999.0
04237 20250112  2.623 -123.81   47.51     6.3    -0.1     3.1     2.5     0.0     2.78 C     9.1    -2.2     1.3    97.1    84.2    95.5   0.304   0.168 -99.000 -99.000 -99.000     4.4     4.6 -9999.0 -9999.0 -9999.0
04237 20250113  2.623 -123.81   47.51     5.6    -1.1     2.3     1.2     0.0     2.48 C     6.9    -4.0    -0.5    97.0    89.5    96.0   0.298   0.162 -99.000 -99.000 -99.000     3.3     3.6 -9999.0 -9999.0 -9999.0
04237 20250114  2.623 -123.81   47.51     6.6    -0.8     2.9     1.2     0.0     3.60 C     8.7    -2.8     0.1    97.0    79.8    95.3   0.296   0.158 -99.000 -99.000 -99.000     3.1     3.3 -9999.0 -9999.0 -9999.0
04237 20250115  2.623 -123.81   47.51     5.0    -1.4     1.8     1.0     0.0     3.48 C     7.6    -3.4    -0.5    98.4    94.1    96.3   0.293   0.155 -99.000 -99.000 -99.000     2.7     3.0 -9999.0 -9999.0 -9999.0
04237 20250116  2.623 -123.81   47.51     8.1    -0.9     3.6     2.5     0.5     3.56 C    12.1    -4.2     1.9    96.9    64.6    94.0   0.293   0.154 -99.000 -99.000 -99.000     3.3     3.4 -9999.0 -9999.0 -9999.0
04237 20250117  2.623 -123.81   47.51     5.5    -1.6     1.9     0.5     0.0     3.86 C     6.3    -5.5    -1.9    96.8    79.9    95.3   0.291   0.152 -99.000 -99.000 -99.000     2.1     2.5 -9999.0 -9999.0 -9999.0
04237 20250118  2.623 -123.81   47.51     4.4    -2.3     1.1    -0.4     0.0     3.88 C     5.7    -6.3    -2.9    96.6    81.2    94.6   0.349   0.150 -99.000 -99.000 -99.000     1.4     1.8 -9999.0 -9999.0 -9999.0
04237 20250119  2.623 -123.81   47.51     4.5    -2.7     0.9    -0.8     0.0     4.06 C     5.8    -6.8    -3.5    96.6    78.8    95.0   0.362   0.152 -99.000 -99.000 -99.000     1.0     1.4 -9999.0 -9999.0 -9999.0
04237 20250120  2.623 -123.81   47.51     2.2    -3.6    -0.7    -1.2     0.0     3.70 C     4.2    -7.6    -3.5    96.5    93.5    95.3   0.359   0.151 -99.000 -99.000 -99.000     0.6     0.9 -9999.0 -9999.0 -9999.0
04237 20250121  2.623 -123.81   47.51     3.4    -3.7    -0.1    -1.2     0.0     4.28 C     5.8    -7.5    -3.8    96.7    87.3    94.8   0.357   0.132 -99.000 -99.000 -99.000     0.4     0.7 -9999.0 -9999.0 -9999.0
04237 20250122  2.623 -123.81   47.51     5.7    -1.8     1.9     0.1     0.0     4.62 C     7.5    -6.4    -2.4    97.1    79.2    95.1   0.356   0.094 -99.000 -99.000 -99.000     0.2     0.6 -9999.0 -9999.0 -9999.0
04237 20250123  2.623 -123.81   47.51     2.5    -2.9    -0.2    -0.5     0.0     2.85 C     4.0    -6.8    -2.3    96.5    94.1    95.6   0.355   0.078 -99.000 -99.000 -99.000     0.1     0.5 -9999.0 -9999.0 -9999.0
04237 20250124  2.623 -123.81   47.51     7.3    -2.2     2.6     1.9     0.0     5.15 C     9.5    -6.8     0.6    96.7    59.3    90.8   0.356   0.133 -99.000 -99.000 -99.000     0.7     0.8 -9999.0 -9999.0 -9999.0
04237 20250125  2.623 -123.81   47.51     4.2    -3.7     0.2    -1.3     0.0     4.96 C     6.8    -7.9    -4.0    96.1    75.4    92.9   0.354   0.098 -99.000 -99.000 -99.000     0.3     0.6 -9999.0 -9999.0 -9999.0
04237 20250126  2.623 -123.81   47.51     6.0    -3.6     1.2    -0.8     0.0     4.97 C     7.9    -7.6    -3.4    95.8    59.5    91.7   0.353   0.077 -99.000 -99.000 -99.000     0.0     0.3 -9999.0 -9999.0 -9999.0
04237 20250127  2.623 -123.81   47.51     6.4    -3.1     1.7    -0.4     0.0     5.19 C     8.7    -7.1    -3.1    96.2    66.3    92.1 -99.000   0.076 -99.000 -99.000 -99.000    -0.2     0.1 -9999.0 -9999.0 -9999.0
04237 20250128  2.623 -123.81   47.51     6.6    -3.2     1.7    -0.4     0.0     5.37 C     9.2    -7.5    -3.0    96.7    80.8    93.9 -99.000   0.075 -99.000 -99.000 -99.000    -0.2     0.0 -9999.0 -9999.0 -9999.0
04237 20250129  2.623 -123.81   47.51     6.7    -3.0     1.8     0.6     0.0     5.53 C     9.2    -7.2    -1.6    96.4    73.4    92.4 -99.000   0.074 -99.000 -99.000 -99.000    -0.3     0.0 -9999.0 -9999.0 -9999.0
04237 20250130  2.623 -123.81   47.51     7.0     1.1     4.0     3.6    10.2     2.24 C     7.9     0.6     3.1    95.9    64.3    89.0 -99.000   0.105 -99.000 -99.000 -99.000     0.3     0.3 -9999.0 -9999.0 -9999.0
04237 20250131  2.623 -123.81   47.51     6.5     1.0     3.7     4.6    64.8     0.20 C     6.5    -0.7     3.9    96.4    92.1    94.4   0.360   0.209 -99.000 -99.000 -99.000     2.0     1.7 -9999.0 -9999.0 -9999.0
04237 20250201  2.623 -123.81   47.51     2.9    -0.9     1.0     0.3     9.7     1.82 C     2.4    -7.7    -0.6    97.0    92.7    96.4   0.311   0.182 -99.000 -99.000 -99.000     1.6     1.6 -9999.0 -9999.0 -9999.0
04237 20250202  2.623 -123.81   47.51     0.3    -1.3    -0.5    -0.3    17.9     1.51 C     0.2    -8.0    -2.6    97.1    95.6    96.5   0.348   0.177 -99.000 -99.000 -99.000     1.2     1.3 -9999.0 -9999.0 -9999.0
04237 20250203  2.623 -123.81   47.51     1.3    -1.3     0.0    -0.2     3.9     3.14 C     0.7    -8.9    -1.8    97.1    92.0    95.6   0.291   0.164 -99.000 -99.000 -99.000     1.2     1.3 -9999.0 -9999.0 -9999.0
04237 20250204  2.623 -123.81   47.51     0.9    -2.0    -0.6    -0.3     0.0     3.30 C     0.9   -10.0    -2.6    97.0    91.4    95.7   0.290   0.162 -99.000 -99.000 -99.000     1.2     1.3 -9999.0 -9999.0 -9999.0
04237 20250205  2.623 -123.81   47.51     1.4    -0.3     0.5     0.3     6.6     1.64 C     0.2    -4.8    -0.8    96.9    93.5    95.4   0.294   0.165 -99.000 -99.000 -99.000     1.2     1.3 -9999.0 -9999.0 -9999.0
04237 20250206  2.623 -123.81   47.51     4.3    -1.3     1.5     0.4     0.0     6.16 C     1.0    -8.6    -2.5    97.0    80.8    95.6   0.298   0.169 -99.000 -99.000 -99.000     1.2     1.3 -9999.0 -9999.0 -9999.0
04237 20250207  2.623 -123.81   47.51     1.0    -3.8    -1.4    -0.9     0.0     2.56 C     0.4   -10.9    -3.8    96.6    86.0    94.0   0.294   0.165 -99.000 -99.000 -99.000     1.2     1.3 -9999.0 -9999.0 -9999.0
04237 20250208  2.623 -123.81   47.51     4.6    -1.0     1.8     0.8     0.0     5.78 C     0.9    -6.1    -1.1    97.6    78.9    94.3   0.293   0.163 -99.000 -99.000 -99.000     1.2     1.3 -9999.0 -9999.0 -9999.0
04237 20250209  2.623 -123.81   47.51     3.4    -1.7     0.9    -0.1     0.0     3.94 C     0.9    -7.6    -3.0    96.9    68.1    94.5   0.297   0.166 -99.000 -99.000 -99.000     1.2     1.3 -9999.0 -9999.0 -9999.0
04237 20250210  2.623 -123.81   47.51     3.6    -2.2     0.7    -0.1     0.0     4.32 C     1.5    -7.3    -2.6    96.7    54.8    84.3   0.291   0.162 -99.000 -99.000 -99.000     1.2     1.3 -9999.0 -9999.0 -9999.0
04237 20250211  2.623 -123.81   47.51     3.8    -4.5    -0.4    -1.7     0.0     8.42 C     1.3    -9.7    -5.7    94.4    41.9    68.3   0.341   0.159 -99.000 -99.000 -99.000     1.0     1.2 -9999.0 -9999.0 -9999.0
04237 20250212  2.623 -123.81   47.51     6.0    -5.8     0.1    -1.8     0.0     8.31 C     1.9   -10.9    -6.1    94.7    34.4    81.9   0.372   0.167 -99.000 -99.000 -99.000     0.7     0.9 -9999.0 -9999.0 -9999.0
04237 20250213  2.623 -123.81   47.51     5.9    -3.5     1.2     0.2     0.5     2.49 C     0.5    -9.0    -3.1    95.5    33.7    79.1   0.367   0.168 -99.000 -99.000 -99.000     0.6     0.7 -9999.0 -9999.0 -9999.0
04237 20250214  2.623 -123.81   47.51     4.9    -0.4     2.3     1.4     0.0     4.93 C     2.0    -0.4     0.4    96.3    73.9    91.7   0.374   0.175 -99.000 -99.000 -99.000     0.7     0.8 -9999.0 -9999.0 -9999.0
04237 20250215  2.623 -123.81   47.51     4.2    -0.9     1.6     1.8    11.9     1.26 C     1.0    -2.3     0.1    96.7    90.7    95.1   0.358   0.184 -99.000 -99.000 -99.000     0.8     0.9 -9999.0 -9999.0 -9999.0
04237 20250216  2.623 -123.81   47.51     6.0     2.1     4.1     3.7    34.8     1.10 C     2.8     0.7     1.6    96.6    91.4    95.5   0.371   0.212 -99.000 -99.000 -99.000     0.9     0.9 -9999.0 -9999.0 -9999.0
04237 20250217  2.623 -123.81   47.51     9.9     2.9     6.4     5.6     6.5     5.82 C    16.6     1.8     6.3    96.7    83.1    94.4   0.321   0.192 -99.000 -99.000 -99.000     2.3     2.0 -9999.0 -9999.0 -9999.0
04237 20250218  2.623 -123.81   47.51     9.8     4.0     6.9     6.3     8.9     3.99 C    14.0     2.2     6.8    96.6    80.8    94.1   0.311   0.183 -99.000 -99.000 -99.000     3.7     3.4 -9999.0 -9999.0 -9999.0
04237 20250219  2.623 -123.81   47.51     8.5     5.9     7.2     7.1    46.2     2.00 C    11.3     5.2     7.3    96.0    90.4    94.8   0.334   0.207 -99.000 -99.000 -99.000     4.9     4.6 -9999.0 -9999.0 -9999.0
04237 20250220  2.623 -123.81   47.51     9.7     4.5     7.1     6.6     0.0     5.71 C    15.6     3.8     7.4    96.4    71.5    92.3   0.306   0.182 -99.000 -99.000 -99.000     5.3     5.0 -9999.0 -9999.0 -9999.0
04237 20250221  2.623 -123.81   47.51     9.4     5.9     7.6     7.3    15.8     0.90 C    10.0     5.1     6.9    95.8    89.0    93.7   0.309   0.180 -99.000 -99.000 -99.000     5.3     5.1 -9999.0 -9999.0 -9999.0
04237 20250222  2.623 -123.81   47.51    10.3     6.8     8.6     8.4    97.4     0.08 C    10.1     6.6     8.1    96.1    93.6    95.4   0.341   0.213 -99.000 -99.000 -99.000     6.2     5.9 -9999.0 -9999.0 -9999.0
04237 20250223  2.623 -123.81   47.51     9.8     4.5     7.2     7.3    35.9     0.73 C     9.4     2.4     7.0    96.4    90.4    94.8   0.332   0.205 -99.000 -99.000 -99.000     6.5     6.4 -9999.0 -9999.0 -9999.0
04237 20250224  2.623 -123.81   47.51     8.8     5.6     7.2     6.9    67.6     0.86 U -9999.0 -9999.0 -9999.0    96.1    80.4    91.6   0.336   0.210 -99.000 -99.000 -99.000     6.4     6.2 -9999.0 -9999.0 -9999.0
04237 20250225  2.623 -123.81   47.51     8.6     3.8     6.2     7.2    60.5     2.46 C     0.0     0.0     0.0    96.5    90.7    94.8   0.340   0.218 -99.000 -99.000 -99.000     6.9     6.7 -9999.0 -9999.0 -9999.0
04237 20250226  2.623 -123.81   47.51    15.8     2.1     9.0     6.9     0.0     9.48 C     0.0     0.0     0.0    96.6    56.8    88.2   0.304   0.180 -99.000 -99.000 -99.000     6.5     6.4 -9999.0 -9999.0 -9999.0
04237 20250227  2.623 -123.81   47.51    13.7     2.9     8.3     8.0     0.0     4.32 C     0.0     0.0     0.0    96.4    71.5    90.6   0.294   0.169 -99.000 -99.000 -99.000     6.6     6.4 -9999.0 -9999.0 -9999.0
04237 20250228  2.623 -123.81   47.51    17.5     2.3     9.9     8.1     0.0    11.78 C     0.0     0.0     0.0    96.8    53.8    88.4   0.288   0.161 -99.000 -99.000 -99.000     7.0     6.7 -9999.0 -9999.0 -9999.0
04237 20250301  2.623 -123.81   47.51    15.6     3.6     9.6     8.0     0.0     9.64 C     0.0     0.0     0.0    96.5    61.3    86.3   0.282   0.156 -99.000 -99.000 -99.000     7.1     6.8 -9999.0 -9999.0 -9999.0
04237 20250302  2.623 -123.81   47.51    11.8     7.0     9.4     8.8     0.0     4.35 C     0.0     0.0     0.0    95.2    71.6    87.8   0.279   0.152 -99.000 -99.000 -99.000     7.8     7.5 -9999.0 -9999.0 -9999.0
04237 20250303  2.623 -123.81   47.51    10.7     5.2     8.0     7.3     2.3     5.47 C     0.0     0.0     0.0    95.9    70.3    91.5   0.282   0.153 -99.000 -99.000 -99.000     8.0     7.7 -9999.0 -9999.0 -9999.0
04237 20250304  2.623 -123.81   47.51     7.7     3.8     5.7     5.4    26.0     1.58 C     0.0     0.0     0.0    96.1    91.8    94.6   0.311   0.183 -99.000 -99.000 -99.000     7.1     7.1 -9999.0 -9999.0 -9999.0
04237 20250305  2.623 -123.81   47.51    11.4     2.1     6.7     5.2     1.1    11.41 C     0.0     0.0     0.0    96.3    43.6    86.4   0.305   0.183 -99.000 -99.000 -99.000     6.9     6.8 -9999.0 -9999.0 -9999.0
04237 20250306  2.623 -123.81   47.51    12.2    -0.5     5.9     4.7     0.0    13.24 C     0.0     0.0     0.0    96.6    50.8    84.3   0.288   0.166 -99.000 -99.000 -99.000     6.4     6.4 -9999.0 -9999.0 -9999.0
04237 20250307  2.623 -123.81   47.51    10.4     0.0     5.2     5.2     0.0     8.48 C     0.0     0.0     0.0    96.6    57.9    84.4   0.282   0.157 -99.000 -99.000 -99.000     6.6     6.5 -9999.0 -9999.0 -9999.0
04237 20250308  2.623 -123.81   47.51     8.8     4.7     6.7     6.7    40.2     0.55 C     0.0     0.0     0.0    96.1    91.3    94.9   0.322   0.195 -99.000 -99.000 -99.000     6.9     6.7 -9999.0 -9999.0 -9999.0
04237 20250309  2.623 -123.81   47.51     8.4     1.1     4.7     6.1    19.6     0.95 C     0.0     0.0     0.0    96.4    89.8    95.0   0.323   0.196 -99.000 -99.000 -99.000     7.0     6.9 -9999.0 -9999.0 -9999.0
04237 20250310  2.623 -123.81   47.51     8.5     0.3     4.4     4.1     0.0     8.25 C     0.0     0.0     0.0    96.8    68.7    89.6   0.302   0.179 -99.000 -99.000 -99.000     6.5     6.4 -9999.0 -9999.0 -9999.0
04237 20250311  2.623 -123.81   47.51     7.5     3.7     5.6     4.8     8.3     3.46 C     0.0     0.0     0.0    95.5    86.9    93.4   0.312   0.184 -99.000 -99.000 -99.000     6.8     6.6 -9999.0 -9999.0 -9999.0
04237 20250312  2.623 -123.81   47.51     6.6     3.7     5.2     5.0    16.6     2.16 C     0.0     0.0     0.0    96.2    91.9    94.5   0.329   0.199 -99.000 -99.000 -99.000     6.6     6.5 -9999.0 -9999.0 -9999.0
04237 20250313  2.623 -123.81   47.51     6.1     0.5     3.3     3.3     9.7     5.02 C     0.0     0.0     0.0    96.6    86.4    94.4   0.318   0.189 -99.000 -99.000 -99.000     6.3     6.3 -9999.0 -9999.0 -9999.0
04237 20250314  2.623 -123.81   47.51    10.3     1.2     5.7     4.6     3.0     7.93 C     0.0     0.0     0.0    96.5    45.4    84.5   0.314   0.187 -99.000 -99.000 -99.000     6.4     6.3 -9999.0 -9999.0 -9999.0
04237 20250315  2.623 -123.81   47.51     7.3     2.8     5.0     4.5    40.3     2.92 C     0.0     0.0     0.0    96.2    90.0    94.6   0.335   0.204 -99.000 -99.000 -99.000     6.3     6.3 -9999.0 -9999.0 -9999.0
04237 20250316  2.623 -123.81   47.51     7.8     1.0     4.4     3.6    10.5     7.51 C     0.0     0.0     0.0    96.6    79.9    93.1   0.328   0.198 -99.000 -99.000 -99.000     6.5     6.4 -9999.0 -9999.0 -9999.0
04237 20250317  2.623 -123.81   47.51     9.0     0.0     4.5     3.0     1.6     9.44 C     0.0     0.0     0.0    96.7    71.4    92.4   0.308   0.180 -99.000 -99.000 -99.000     6.3     6.3 -9999.0 -9999.0 -9999.0
04237 20250318  2.623 -123.81   47.51     8.1    -1.0     3.5     3.6     2.1     6.58 C     0.0     0.0     0.0    96.7    59.3    87.9   0.305   0.176 -99.000 -99.000 -99.000     5.8     5.8 -9999.0 -9999.0 -9999.0
04237 20250319  2.623 -123.81   47.51     7.1     4.1     5.6     5.4    19.6     1.55 C     0.0     0.0     0.0    96.0    88.0    93.9   0.325   0.194 -99.000 -99.000 -99.000     6.2     6.1 -9999.0 -9999.0 -9999.0
04237 20250320  2.623 -123.81   47.51     6.1     3.3     4.7     4.3    70.2     2.01 C     0.0     0.0     0.0    96.3    91.1    94.2   0.343   0.212 -99.000 -99.000 -99.000     5.9     5.9 -9999.0 -9999.0 -9999.0
04237 20250321  2.623 -123.81   47.51     9.6     3.0     6.3     5.3    12.3     4.92 C     0.0     0.0     0.0    96.5    71.9    93.6   0.327   0.196 -99.000 -99.000 -99.000     6.1     5.9 -9999.0 -9999.0 -9999.0
04237 20250322  2.623 -123.81   47.51     9.8     1.6     5.7     5.3     5.4     9.42 C     0.0     0.0     0.0    96.5    54.8    88.8   0.321   0.189 -99.000 -99.000 -99.000     6.7     6.5 -9999.0 -9999.0 -9999.0
04237 20250323  2.623 -123.81   47.51     8.0     4.0     6.0     6.1   150.4     0.22 C     0.0     0.0     0.0    96.0    92.4    94.7   0.359   0.220 -99.000 -99.000 -99.000     6.5     6.4 -9999.0 -9999.0 -9999.0
04237 20250324  2.623 -123.81   47.51    11.6     7.5     9.6     9.3    17.0     2.92 C     0.0     0.0     0.0    96.1    93.0    95.0   0.340   0.204 -99.000 -99.000 -99.000     7.7     7.4 -9999.0 -9999.0 -9999.0
04237 20250325  2.623 -123.81   47.51    21.5     8.3    14.9    13.5     0.0    14.58 C     0.0     0.0     0.0    95.4    56.6    84.9   0.311   0.181 -99.000 -99.000 -99.000     9.8     9.1 -9999.0 -9999.0 -9999.0
04237 20250326  2.623 -123.81   47.51    24.6     8.7    16.6    13.0    21.3    10.00 C     0.0     0.0     0.0    95.3    39.9    84.1   0.315   0.185 -99.000 -99.000 -99.000    10.4     9.9 -9999.0 -9999.0 -9999.0
04237 20250327  2.623 -123.81   47.51    10.2     7.3     8.7     8.7    17.6     4.92 C     0.0     0.0     0.0    95.7    81.6    92.3   0.334   0.201 -99.000 -99.000 -99.000    10.2     9.9 -9999.0 -9999.0 -9999.0
04237 20250328  2.623 -123.81   47.51     7.5     5.6     6.6     6.5    44.5     1.36 C     0.0     0.0     0.0    95.5    90.5    93.6   0.350   0.213 -99.000 -99.000 -99.000     8.8     8.8 -9999.0 -9999.0 -9999.0
04237 20250329  2.623 -123.81   47.51    10.1     3.9     7.0     6.7     7.0     8.82 C     0.0     0.0     0.0    96.3    76.7    92.8   0.328   0.196 -99.000 -99.000 -99.000     9.1     8.9 -9999.0 -9999.0 -9999.0
04237 20250330  2.623 -123.81   47.51    16.2     3.7     9.9     9.6     2.9    12.45 C     0.0     0.0     0.0    96.4    31.6    71.0   0.310   0.179 -99.000 -99.000 -99.000     9.2     8.9 -9999.0 -9999.0 -9999.0
04237 20250331  2.623 -123.81   47.51     9.4     4.8     7.1     6.4    15.3     5.23 C     0.0     0.0     0.0    96.2    71.9    93.0   0.335   0.198 -99.000 -99.000 -99.000     9.2     9.0 -9999.0 -9999.0 -9999.0
04237 20250401  2.623 -123.81   47.51    11.8     1.4     6.6     6.0     0.9    11.89 C     0.0     0.0     0.0    96.7    65.2    89.6   0.317   0.183 -99.000 -99.000 -99.000     9.1     8.9 -9999.0 -9999.0 -9999.0
04237 20250402  2.623 -123.81   47.51    10.3     2.5     6.4     5.6     4.1    10.02 C     0.0     0.0     0.0    96.4    63.4    91.1   0.312   0.178 -99.000 -99.000 -99.000     9.3     9.1 -9999.0 -9999.0 -9999.0
04237 20250403  2.623 -123.81   47.51    13.8     0.9     7.4     6.9     0.0    15.95 C     0.0     0.0     0.0    96.4    53.6    82.5   0.310   0.179 -99.000 -99.000 -99.000     9.4     9.2 -9999.0 -9999.0 -9999.0
04237 20250404  2.623 -123.81   47.51    18.5     2.8    10.7     9.1     0.0    14.76 C     0.0     0.0     0.0    95.4    26.0    73.5   0.297   0.167 -99.000 -99.000 -99.000     9.7     9.4 -9999.0 -9999.0 -9999.0
04237 20250405  2.623 -123.81   47.51    21.4     5.5    13.5    12.4     0.0    16.57 C     0.0     0.0     0.0    92.5    26.7    65.3   0.290   0.157 -99.000 -99.000 -99.000    10.7    10.2 -9999.0 -9999.0 -9999.0
04237 20250406  2.623 -123.81   47.51    11.3     7.9     9.6     9.3    39.2     1.63 C     0.0     0.0     0.0    95.5    82.0    94.5   0.337   0.201 -99.000 -99.000 -99.000    10.6    10.3 -9999.0 -9999.0 -9999.0
04237 20250407  2.623 -123.81   47.51     9.4     5.3     7.3     7.9    51.9     2.60 C     0.0     0.0     0.0    95.8    92.4    94.7   0.344   0.206 -99.000 -99.000 -99.000     9.9     9.8 -9999.0 -9999.0 -9999.0
04237 20250408  2.623 -123.81   47.51     8.8     4.0     6.4     6.0    58.2     2.15 C     0.0     0.0     0.0    95.9    91.5    93.8   0.358   0.213 -99.000 -99.000 -99.000     8.3     8.4 -9999.0 -9999.0 -9999.0
04237 20250409  2.623 -123.81   47.51    14.2     3.9     9.1     9.1     1.5    13.88 C     0.0     0.0     0.0    96.1    50.3    82.2   0.324   0.187 -99.000 -99.000 -99.000     9.7     9.3 -9999.0 -9999.0 -9999.0
04237 20250410  2.623 -123.81   47.51    11.6     5.5     8.6     8.6    15.6     2.67 C     0.0     0.0     0.0    95.7    86.9    93.5   0.324   0.188 -99.000 -99.000 -99.000     9.8     9.6 -9999.0 -9999.0 -9999.0
04237 20250411  2.623 -123.81   47.51    11.3     3.4     7.4     7.0     0.8    14.18 C     0.0     0.0     0.0    96.3    54.3    84.3   0.319   0.184 -99.000 -99.000 -99.000    10.2     9.9 -9999.0 -9999.0 -9999.0
04237 20250412  2.623 -123.81   47.51    12.5     0.0     6.2     5.7     0.0    16.36 C     0.0     0.0     0.0    96.4    46.8    80.4   0.301   0.169 -99.000 -99.000 -99.000     9.9     9.7 -9999.0 -9999.0 -9999.0
04237 20250413  2.623 -123.81   47.51    17.8     1.2     9.5     8.6     0.0    18.79 C     0.0     0.0     0.0    96.0    37.3    75.1   0.291   0.158 -99.000 -99.000 -99.000    10.1     9.8 -9999.0 -9999.0 -9999.0
04237 20250414  2.623 -123.81   47.51    22.0     5.5    13.7    12.1     0.0    18.68 C     0.0     0.0     0.0    94.6    30.1    70.5   0.282   0.149 -99.000 -99.000 -99.000    11.2    10.8 -9999.0 -9999.0 -9999.0
04237 20250415  2.623 -123.81   47.51    19.4     4.2    11.8    10.8     0.0    18.61 C     0.0     0.0     0.0    95.7    46.6    74.7   0.276   0.141 -99.000 -99.000 -99.000    11.6    11.2 -9999.0 -9999.0 -9999.0
04237 20250416  2.623 -123.81   47.51    18.4     2.9    10.7     9.4     0.0    19.64 C     0.0     0.0     0.0    95.9    44.4    76.2   0.269   0.135 -99.000 -99.000 -99.000    11.5    11.2 -9999.0 -9999.0 -9999.0
04237 20250417  2.623 -123.81   47.51    20.4     2.9    11.7    10.6     0.0    19.54 C     0.0     0.0     0.0    83.1    21.1    57.9   0.262   0.130 -99.000 -99.000 -99.000    11.4    11.1 -9999.0 -9999.0 -9999.0
04237 20250418  2.623 -123.81   47.51    21.5     3.9    12.7    11.8     0.0    19.24 C     0.0     0.0     0.0    89.8    22.9    60.7   0.254   0.124 -99.000 -99.000 -99.000    11.6    11.3 -9999.0 -9999.0 -9999.0
04237 20250419  2.623 -123.81   47.51    15.6     6.6    11.1    10.1     0.0    17.53 C     0.0     0.0     0.0    94.1    47.6    71.8   0.245   0.120 -99.000 -99.000 -99.000    12.2    11.8 -9999.0 -9999.0 -9999.0
04237 20250420  2.623 -123.81   47.51    11.4     5.0     8.2     8.3     5.2     8.23 C     0.0     0.0     0.0    94.8    64.8    86.4   0.248   0.122 -99.000 -99.000 -99.000    11.7    11.5 -9999.0 -9999.0 -9999.0
04237 20250421  2.623 -123.81   47.51    12.9     2.4     7.7     7.6     1.0    15.15 C     0.0     0.0     0.0    95.7    46.0    76.9   0.272   0.136 -99.000 -99.000 -99.000    11.6    11.3 -9999.0 -9999.0 -9999.0
04237 20250422  2.623 -123.81   47.51    17.0     0.8     8.9     8.1     0.0    19.22 C     0.0     0.0     0.0    96.0    41.4    74.5   0.262   0.134 -99.000 -99.000 -99.000    11.1    10.9 -9999.0 -9999.0 -9999.0
04237 20250423  2.623 -123.81   47.51    19.3     3.5    11.4    10.1     0.0    19.88 C     0.0     0.0     0.0    95.7    33.2    71.2   0.250   0.128 -99.000 -99.000 -99.000    11.6    11.2 -9999.0 -9999.0 -9999.0
04237 20250424  2.623 -123.81   47.51    22.8     4.6    13.7    12.7     0.0    20.06 C     0.0     0.0     0.0    91.8    26.8    65.1   0.242   0.121 -99.000 -99.000 -99.000    12.2    11.8 -9999.0 -9999.0 -9999.0
04237 20250425  2.623 -123.81   47.51    21.5     4.5    13.0    12.4     0.0    19.39 C     0.0     0.0     0.0    92.6    42.2    70.8   0.234   0.115 -99.000 -99.000 -99.000    12.8    12.4 -9999.0 -9999.0 -9999.0
04237 20250426  2.623 -123.81   47.51    16.4     3.9    10.1     9.5     0.0    15.83 C     0.0     0.0     0.0    94.4    50.7    79.0   0.226   0.110 -99.000 -99.000 -99.000    12.9    12.5 -9999.0 -9999.0 -9999.0
04237 20250427  2.623 -123.81   47.51    15.5     3.1     9.3     9.3     0.0    18.31 C     0.0     0.0     0.0    94.7    53.7    76.8   0.221   0.106 -99.000 -99.000 -99.000    12.8    12.4 -9999.0 -9999.0 -9999.0
04237 20250428  2.623 -123.81   47.51    12.8     8.1    10.4     9.8     4.6     8.51 C     0.0     0.0     0.0    95.0    62.8    81.7   0.216   0.101 -99.000 -99.000 -99.000    12.7    12.4 -9999.0 -9999.0 -9999.0
04237 20250429  2.623 -123.81   47.51    12.2     5.5     8.8     9.4     2.5    10.47 C     0.0     0.0     0.0    95.6    63.3    84.1   0.257   0.141 -99.000 -99.000 -99.000    12.6    12.3 -9999.0 -9999.0 -9999.0
04237 20250430  2.623 -123.81   47.51    17.7     4.5    11.1    10.0     0.0    20.47 C     0.0     0.0     0.0    94.3    48.2    76.8   0.251   0.131 -99.000 -99.000 -99.000    12.8    12.5 -9999.0 -9999.0 -9999.0
04237 20250501  2.623 -123.81   47.51    25.8     5.5    15.7    13.8     0.0    21.71 C     0.0     0.0     0.0    95.5    21.1    67.8   0.240   0.121 -99.000 -99.000 -99.000    13.3    12.9 -9999.0 -9999.0 -9999.0
04237 20250502  2.623 -123.81   47.51    17.4     5.5    11.4    10.1     3.5    14.38 C     0.0     0.0     0.0    95.1    59.6    87.2   0.230   0.113 -99.000 -99.000 -99.000    13.0    12.7 -9999.0 -9999.0 -9999.0
04237 20250503  2.623 -123.81   47.51    12.0     3.0     7.5     7.5     1.3    13.87 C     0.0     0.0     0.0    96.5    60.7    83.8   0.233   0.115 -99.000 -99.000 -99.000    12.4    12.2 -9999.0 -9999.0 -9999.0
04237 20250504  2.623 -123.81   47.51    16.8     1.6     9.2     8.5     0.0    20.09 C     0.0     0.0     0.0    96.2    39.9    73.9   0.234   0.115 -99.000 -99.000 -99.000    12.0    11.8 -9999.0 -9999.0 -9999.0
04237 20250505  2.623 -123.81   47.51    21.5     4.7    13.1    12.1     0.0    22.44 C     0.0     0.0     0.0    94.3    32.0    65.7   0.228   0.110 -99.000 -99.000 -99.000    12.6    12.3 -9999.0 -9999.0 -9999.0
04237 20250506  2.623 -123.81   47.51    25.8     7.8    16.8    15.8     0.0    19.91 C     0.0     0.0     0.0    87.5    19.4    55.8   0.218   0.103 -99.000 -99.000 -99.000    13.7    13.2 -9999.0 -9999.0 -9999.0
04237 20250507  2.623 -123.81   47.51    16.6     5.2    10.9    11.0     0.4    16.52 C     0.0     0.0     0.0    92.6    46.2    74.2   0.209   0.098 -99.000 -99.000 -99.000    14.2    13.8 -9999.0 -9999.0 -9999.0
04237 20250508  2.623 -123.81   47.51    17.1     3.3    10.2    10.2     0.0    21.17 C     0.0     0.0     0.0    93.8    36.8    67.7   0.201   0.091 -99.000 -99.000 -99.000    13.3    13.0 -9999.0 -9999.0 -9999.0
04237 20250509  2.623 -123.81   47.51    20.8     5.0    12.9    12.2     0.0    21.47 C     0.0     0.0     0.0    92.2    30.1    62.5   0.193   0.086 -99.000 -99.000 -99.000    13.8    13.4 -9999.0 -9999.0 -9999.0
04237 20250510  2.623 -123.81   47.51    17.1     6.8    12.0    10.7     1.3    14.54 C     0.0     0.0     0.0    94.8    34.0    72.3   0.184   0.079 -99.000 -99.000 -99.000    14.0    13.6 -9999.0 -9999.0 -9999.0
04237 20250511  2.623 -123.81   47.51    12.2     5.6     8.9     9.0     7.1     8.09 C     0.0     0.0     0.0    95.8    73.4    91.2   0.199   0.102 -99.000 -99.000 -99.000    13.1    12.9 -9999.0 -9999.0 -9999.0
04237 20250512  2.623 -123.81   47.51    16.4     7.4    11.9    10.6     2.8    13.29 C     0.0     0.0     0.0    95.6    58.7    87.7   0.240   0.131 -99.000 -99.000 -99.000    13.4    13.0 -9999.0 -9999.0 -9999.0
04237 20250513  2.623 -123.81   47.51    14.6     6.9    10.8    10.6     0.0    12.85 C     0.0     0.0     0.0    94.8    67.8    84.5   0.239   0.131 -99.000 -99.000 -99.000    13.6    13.3 -9999.0 -9999.0 -9999.0
04237 20250514  2.623 -123.81   47.51    12.9     5.4     9.1     9.8     0.0     8.35 C     0.0     0.0     0.0    94.0    59.2    77.0   0.227   0.120 -99.000 -99.000 -99.000    13.2    13.0 -9999.0 -9999.0 -9999.0
04237 20250515  2.623 -123.81   47.51    12.8     5.5     9.1     8.7     3.3     8.97 C     0.0     0.0     0.0    95.1    60.7    85.9   0.225   0.116 -99.000 -99.000 -99.000    12.6    12.4 -9999.0 -9999.0 -9999.0
04237 20250516  2.623 -123.81   47.51    13.1     7.8    10.5    10.1    13.3     5.84 C     0.0     0.0     0.0    95.6    84.3    93.5   0.266   0.144 -99.000 -99.000 -99.000    12.7    12.5 -9999.0 -9999.0 -9999.0
04237 20250517  2.623 -123.81   47.51    13.2     6.3     9.8    10.4     4.8     9.56 C     0.0     0.0     0.0    95.9    75.7    91.2   0.285   0.170 -99.000 -99.000 -99.000    13.2    12.9 -9999.0 -9999.0 -9999.0
04237 20250518  2.623 -123.81   47.51    14.9     6.0    10.4     9.2     2.6    14.51 C     0.0     0.0     0.0    95.8    52.2    84.1   0.282   0.169 -99.000 -99.000 -99.000    13.2    12.8 -9999.0 -9999.0 -9999.0
04237 20250519  2.623 -123.81   47.51    11.8     7.7     9.8     9.3    41.9     8.05 C     0.0     0.0     0.0    95.5    89.7    93.8   0.306   0.192 -99.000 -99.000 -99.000    12.8    12.6 -9999.0 -9999.0 -9999.0
04237 20250520  2.623 -123.81   47.51    11.7     7.5     9.6     9.2    20.4     8.40 C     0.0     0.0     0.0    95.7    81.4    93.3   0.307   0.193 -99.000 -99.000 -99.000    12.7    12.5 -9999.0 -9999.0 -9999.0
04237 20250521  2.623 -123.81   47.51    17.0     4.1    10.5    10.5     0.0    24.01 C     0.0     0.0     0.0    96.2    50.3    80.7   0.277   0.166 -99.000 -99.000 -99.000    13.5    13.1 -9999.0 -9999.0 -9999.0
04237 20250522  2.623 -123.81   47.51    18.7     5.0    11.8    11.2     0.0    25.34 C     0.0     0.0     0.0    95.9    46.0    76.7   0.259   0.149 -99.000 -99.000 -99.000    14.4    13.9 -9999.0 -9999.0 -9999.0
04237 20250523  2.623 -123.81   47.51    17.1     5.9    11.5    10.8     0.0    19.93 C     0.0     0.0     0.0    93.2    47.2    73.1   0.246   0.137 -99.000 -99.000 -99.000    14.5    14.1 -9999.0 -9999.0 -9999.0
04237 20250524  2.623 -123.81   47.51    22.9     4.9    13.9    12.5     0.0    24.37 C     0.0     0.0     0.0    95.2    36.8    72.5   0.236   0.126 -99.000 -99.000 -99.000    14.6    14.2 -9999.0 -9999.0 -9999.0
04237 20250525  2.623 -123.81   47.51    17.5     6.1    11.8    12.0     1.9    13.20 C     0.0     0.0     0.0    94.5    57.6    79.5   0.226   0.119 -99.000 -99.000 -99.000    14.5    14.2 -9999.0 -9999.0 -9999.0
04237 20250526  2.623 -123.81   47.51    17.1     7.0    12.0    12.1    10.8    21.64 C     0.0     0.0     0.0    95.4    49.4    80.4   0.274   0.164 -99.000 -99.000 -99.000    15.2    14.7 -9999.0 -9999.0 -9999.0
04237 20250527  2.623 -123.81   47.51    25.1     5.4    15.3    14.4     0.0    24.64 C     0.0     0.0     0.0    95.3    35.6    70.3   0.253   0.147 -99.000 -99.000 -99.000    15.5    14.9 -9999.0 -9999.0 -9999.0
04237 20250528  2.623 -123.81   47.51    23.0     9.2    16.1    14.8     0.0    23.72 C     0.0     0.0     0.0    94.4    48.1    76.7   0.238   0.132 -99.000 -99.000 -99.000    16.2    15.6 -9999.0 -9999.0 -9999.0
04237 20250529  2.623 -123.81   47.51    18.6     7.2    12.9    13.2    12.3    20.61 C     0.0     0.0     0.0    95.1    47.0    81.0   0.271   0.161 -99.000 -99.000 -99.000    16.5    16.0 -9999.0 -9999.0 -9999.0
04237 20250530  2.623 -123.81   47.51    25.7     6.1    15.9    14.9     0.0    24.69 C     0.0     0.0     0.0    95.4    29.5    68.6   0.254   0.149 -99.000 -99.000 -99.000    16.2    15.6 -9999.0 -9999.0 -9999.0
04237 20250531  2.623 -123.81   47.51    16.9     6.0    11.4    11.2     4.1    12.32 C     0.0     0.0     0.0    93.7    56.0    82.3   0.258   0.156 -99.000 -99.000 -99.000    15.6    14.8 -9999.0 -9999.0 -9999.0
04237 20250601  2.623 -123.81   47.51    19.5     4.4    12.0    11.3     0.0    25.26 C     0.0     0.0     0.0    95.6    44.6    74.6   0.254   0.156 -99.000 -99.000 -99.000    15.2    14.1 -9999.0 -9999.0 -9999.0
04237 20250602  2.623 -123.81   47.51    21.0     5.6    13.3    12.9     0.0    24.28 C     0.0     0.0     0.0    94.9    45.8    74.5   0.239   0.144 -99.000 -99.000 -99.000    15.7    14.5 -9999.0 -9999.0 -9999.0
04237 20250603  2.623 -123.81   47.51    21.2     6.9    14.0    13.4     0.0    24.14 C     0.0     0.0     0.0    95.6    46.5    77.1   0.227   0.121 -99.000 -99.000 -99.000    16.3    15.8 -9999.0 -9999.0 -9999.0
04237 20250604  2.623 -123.81   47.51    19.3    10.8    15.1    13.8     0.2    19.65 C     0.0     0.0     0.0    93.6    60.9    80.0   0.217   0.113 -99.000 -99.000 -99.000    17.0    16.5 -9999.0 -9999.0 -9999.0
04237 20250605  2.623 -123.81   47.51    23.4     9.3    16.4    15.6     0.0    24.84 C     0.0     0.0     0.0    93.0    50.4    76.1   0.206   0.105 -99.000 -99.000 -99.000    17.6    17.0 -9999.0 -9999.0 -9999.0
04237 20250606  2.623 -123.81   47.51    23.2     9.2    16.2    15.2     0.0    22.93 C     0.0     0.0     0.0    94.6    53.9    78.2   0.197   0.095 -99.000 -99.000 -99.000    17.7    17.1 -9999.0 -9999.0 -9999.0
04237 20250607  2.623 -123.81   47.51    28.2    11.2    19.7    17.6     0.0    23.31 C     0.0     0.0     0.0    93.1    42.6    75.7   0.188   0.086 -99.000 -99.000 -99.000    18.4    17.7 -9999.0 -9999.0 -9999.0
04237 20250608  2.623 -123.81   47.51    31.4    12.6    22.0    20.9     0.0    24.95 C     0.0     0.0     0.0    94.6    34.9    70.7   0.181   0.077 -99.000 -99.000 -99.000    19.1    18.3 -9999.0 -9999.0 -9999.0
04237 20250609  2.623 -123.81   47.51    28.0     9.4    18.7    17.7     0.0    25.34 C     0.0     0.0     0.0    95.1    33.4    70.0   0.170   0.068 -99.000 -99.000 -99.000    19.2    18.4 -9999.0 -9999.0 -9999.0
04237 20250610  2.623 -123.81   47.51    24.1     8.4    16.3    14.5     0.0    22.36 C     0.0     0.0     0.0    93.8    46.0    76.2   0.164   0.062 -99.000 -99.000 -99.000    18.7    18.1 -9999.0 -9999.0 -9999.0
04237 20250611  2.623 -123.81   47.51    18.8    10.0    14.4    12.7     0.0    14.93 C     0.0     0.0     0.0    91.6    56.1    78.5   0.159   0.057 -99.000 -99.000 -99.000    18.0    17.6 -9999.0 -9999.0 -9999.0
04237 20250612  2.623 -123.81   47.51    18.0     6.5    12.2    12.0     0.0    19.69 C     0.0     0.0     0.0    92.2    51.8    73.1   0.155   0.052 -99.000 -99.000 -99.000    17.6    17.2 -9999.0 -9999.0 -9999.0
04237 20250613  2.623 -123.81   47.51    14.5     7.1    10.8    11.0     0.0     9.50 C     0.0     0.0     0.0    91.7    63.3    76.5   0.150   0.050 -99.000 -99.000 -99.000    16.4    16.2 -9999.0 -9999.0 -9999.0
04237 20250614  2.623 -123.81   47.51    13.7     7.3    10.5    11.2     0.0     7.18 C     0.0     0.0     0.0    93.6    65.9    79.1   0.149   0.047 -99.000 -99.000 -99.000    15.8    15.6 -9999.0 -9999.0 -9999.0
04237 20250615  2.623 -123.81   47.51    22.7     4.7    13.7    12.4     0.0    23.70 C     0.0     0.0     0.0    95.4    43.2    74.9   0.144   0.044 -99.000 -99.000 -99.000    16.2    15.8 -9999.0 -9999.0 -9999.0
04237 20250616  2.623 -123.81   47.51    21.3     5.9    13.6    12.3     0.0    20.60 C     0.0     0.0     0.0    95.0    43.7    73.2   0.140   0.048 -99.000 -99.000 -99.000    16.5    16.1 -9999.0 -9999.0 -9999.0
04237 20250617  2.623 -123.81   47.51    18.8     6.0    12.4    12.8     4.0    10.10 C     0.0     0.0     0.0    94.7    47.1    78.7   0.138   0.059 -99.000 -99.000 -99.000    15.8    15.5 -9999.0 -9999.0 -9999.0
04237 20250618  2.623 -123.81   47.51    16.4     8.3    12.3    13.1     5.3    10.68 C     0.0     0.0     0.0    95.5    63.1    87.3   0.183   0.101 -99.000 -99.000 -99.000    16.2    15.9 -9999.0 -9999.0 -9999.0
04237 20250619  2.623 -123.81   47.51    18.6     6.0    12.3    12.6     0.0    18.25 C     0.0     0.0     0.0    95.7    51.9    75.0   0.181   0.088 -99.000 -99.000 -99.000    15.7    15.4 -9999.0 -9999.0 -9999.0
04237 20250620  2.623 -123.81   47.51    14.5     7.4    10.9    10.8     4.1    11.19 C     0.0     0.0     0.0    95.0    65.9    87.7   0.179   0.083 -99.000 -99.000 -99.000    15.5    15.3 -9999.0 -9999.0 -9999.0
04237 20250621  2.623 -123.81   47.51    15.2     8.6    11.9    11.8     3.3     7.46 C     0.0     0.0     0.0    95.1    80.6    91.3   0.205   0.108 -99.000 -99.000 -99.000    15.1    14.9 -9999.0 -9999.0 -9999.0
04237 20250622  2.623 -123.81   47.51    16.8    11.4    14.1    13.8     0.0    11.54 C     0.0     0.0     0.0    94.8    67.6    84.1   0.202   0.107 -99.000 -99.000 -99.000    15.9    15.5 -9999.0 -9999.0 -9999.0
04237 20250623  2.623 -123.81   47.51    24.3     9.6    16.9    15.5     0.0    21.56 C     0.0     0.0     0.0    94.2    49.5    79.1   0.190   0.098 -99.000 -99.000 -99.000    16.9    16.4 -9999.0 -9999.0 -9999.0
04237 20250624  2.623 -123.81   47.51    23.8     9.5    16.7    15.3     0.0    16.64 C     0.0     0.0     0.0    95.3    52.4    79.6   0.178   0.088 -99.000 -99.000 -99.000    16.9    16.5 -9999.0 -9999.0 -9999.0
04237 20250625  2.623 -123.81   47.51    20.2    11.5    15.8    15.0     0.0    19.17 C     0.0     0.0     0.0    92.6    59.3    77.4   0.168   0.080 -99.000 -99.000 -99.000    17.7    17.1 -9999.0 -9999.0 -9999.0
04237 20250626  2.623 -123.81   47.51    18.6    11.9    15.3    13.9     4.2     8.86 C     0.0     0.0     0.0    94.9    63.7    86.3   0.165   0.076 -99.000 -99.000 -99.000    17.2    16.8 -9999.0 -9999.0 -9999.0
04237 20250627  2.623 -123.81   47.51    17.1    10.9    14.0    13.8     0.0     8.17 C     0.0     0.0     0.0    95.2    68.5    86.5   0.170   0.078 -99.000 -99.000 -99.000    16.6    16.3 -9999.0 -9999.0 -9999.0
04237 20250628  2.623 -123.81   47.51    22.8    10.4    16.6    16.1     0.0    21.78 C     0.0     0.0     0.0    93.7    55.7    77.0   0.167   0.074 -99.000 -99.000 -99.000    17.8    17.2 -9999.0 -9999.0 -9999.0
04237 20250629  2.623 -123.81   47.51    27.5     8.9    18.2    17.4     0.0    23.41 C     0.0     0.0     0.0    95.2    44.1    74.8   0.158   0.084 -99.000 -99.000 -99.000    18.1    17.5 -9999.0 -9999.0 -9999.0
04237 20250630  2.623 -123.81   47.51    28.9    10.9    19.9    18.9     0.0    23.55 C     0.0     0.0     0.0    95.3    41.2    72.9   0.150   0.091 -99.000 -99.000 -99.000    18.8    18.1 -9999.0 -9999.0 -9999.0
04237 20250701  2.623 -123.81   47.51    26.3    10.4    18.3    16.7     0.0    22.83 C     0.0     0.0     0.0    95.0    48.8    78.0   0.141   0.081 -99.000 -99.000 -99.000    19.1    18.5 -9999.0 -9999.0 -9999.0
04237 20250702  2.623 -123.81   47.51    22.8     8.7    15.8    14.7     0.0    20.80 C     0.0     0.0     0.0    95.0    49.7    75.3   0.133   0.073 -99.000 -99.000 -99.000    18.6    18.1 -9999.0 -9999.0 -9999.0
04237 20250703  2.623 -123.81   47.51    22.0     6.5    14.2    13.8     0.0    23.56 C     0.0     0.0     0.0    95.2    44.4    72.4   0.127   0.066 -99.000 -99.000 -99.000    18.1    17.6 -9999.0 -9999.0 -9999.0
04237 20250704  2.623 -123.81   47.51    21.6     7.8    14.7    13.9     0.0    18.56 C     0.0     0.0     0.0    94.7    51.7    75.5   0.126   0.061 -99.000 -99.000 -99.000    17.9    17.4 -9999.0 -9999.0 -9999.0
04237 20250705  2.623 -123.81   47.51    23.2     8.6    15.9    15.0     0.0    20.17 C     0.0     0.0     0.0    93.9    49.0    74.9   0.121   0.058 -99.000 -99.000 -99.000    18.4    17.8 -9999.0 -9999.0 -9999.0
04237 20250706  2.623 -123.81   47.51    26.3     8.4    17.3    16.1     0.0    22.43 C     0.0     0.0     0.0    95.2    41.9    75.0   0.119   0.054 -99.000 -99.000 -99.000    18.7    18.0 -9999.0 -9999.0 -9999.0
04237 20250707  2.623 -123.81   47.51    27.8    10.2    19.0    17.4     0.0    22.30 C     0.0     0.0     0.0    95.4    41.1    74.6   0.117   0.052 -99.000 -99.000 -99.000    19.5    18.7 -9999.0 -9999.0 -9999.0
04237 20250708  2.623 -123.81   47.51    28.1     9.2    18.7    17.3     0.0    22.84 C     0.0     0.0     0.0    94.7    45.0    74.5   0.115   0.049 -99.000 -99.000 -99.000    19.6    18.9 -9999.0 -9999.0 -9999.0
04237 20250709  2.623 -123.81   47.51    18.0    12.7    15.3    15.4     5.7     8.05 C     0.0     0.0     0.0    94.7    88.2    92.7   0.119   0.049 -99.000 -99.000 -99.000    19.1    18.7 -9999.0 -9999.0 -9999.0
04237 20250710  2.623 -123.81   47.51    19.8    12.3    16.1    15.5     0.3    10.57 C     0.0     0.0     0.0    94.3    74.0    86.8   0.122   0.052 -99.000 -99.000 -99.000    18.5    18.1 -9999.0 -9999.0 -9999.0
04237 20250711  2.623 -123.81   47.51    27.2    11.8    19.5    18.6     0.0    22.22 C     0.0     0.0     0.0    94.9    48.0    74.4   0.123   0.052 -99.000 -99.000 -99.000    19.3    18.6 -9999.0 -9999.0 -9999.0
04237 20250712  2.623 -123.81   47.51    28.3    12.6    20.5    19.1     0.0    22.22 C     0.0     0.0     0.0    95.2    48.9    75.3   0.119   0.052 -99.000 -99.000 -99.000    20.1    19.4 -9999.0 -9999.0 -9999.0
04237 20250713  2.623 -123.81   47.51    31.4    12.6    22.0    21.1     0.0    21.78 C     0.0     0.0     0.0    94.4    40.8    70.4   0.117   0.050 -99.000 -99.000 -99.000    20.7    19.9 -9999.0 -9999.0 -9999.0
04237 20250714  2.623 -123.81   47.51    22.6    11.3    17.0    16.8     0.0    22.17 C     0.0     0.0     0.0    94.3    50.6    75.2   0.115   0.045 -99.000 -99.000 -99.000    20.8    20.1 -9999.0 -9999.0 -9999.0
04237 20250715  2.623 -123.81   47.51    31.4     9.6    20.5    19.2     0.0    22.23 C     0.0     0.0     0.0    94.9    33.0    69.4   0.114   0.040 -99.000 -99.000 -99.000    20.5    19.8 -9999.0 -9999.0 -9999.0
04237 20250716  2.623 -123.81   47.51    32.3    12.1    22.2    20.8     0.0    22.23 C     0.0     0.0     0.0    92.3    28.5    63.8   0.112   0.038 -99.000 -99.000 -99.000    21.2    20.4 -9999.0 -9999.0 -9999.0
04237 20250717  2.623 -123.81   47.51    26.9    12.5    19.7    17.0     0.0    17.46 C     0.0     0.0     0.0    93.7    46.1    76.1   0.111   0.034 -99.000 -99.000 -99.000    21.1    20.4 -9999.0 -9999.0 -9999.0
04237 20250718  2.623 -123.81   47.51    21.2    12.3    16.7    14.9     0.0    10.61 C     0.0     0.0     0.0    94.1    57.5    80.4   0.109   0.032 -99.000 -99.000 -99.000    19.9    19.6 -9999.0 -9999.0 -9999.0
04237 20250719  2.623 -123.81   47.51    21.4     8.7    15.0    14.9     0.0    21.62 C     0.0     0.0     0.0    92.7    47.3    71.9   0.109   0.031 -99.000 -99.000 -99.000    20.4    19.7 -9999.0 -9999.0 -9999.0
04237 20250720  2.623 -123.81   47.51    16.6     7.6    12.1    12.6     0.0     7.44 C     0.0     0.0     0.0    94.3    69.6    84.3   0.107   0.029 -99.000 -99.000 -99.000    18.5    18.3 -9999.0 -9999.0 -9999.0
04237 20250721  2.623 -123.81   47.51    21.2    11.9    16.5    14.7     0.0    12.12 C     0.0     0.0     0.0    93.9    57.3    81.9   0.106   0.027 -99.000 -99.000 -99.000    18.7    18.3 -9999.0 -9999.0 -9999.0
04237 20250722  2.623 -123.81   47.51    22.1    12.4    17.3    15.9     0.3    15.97 C     0.0     0.0     0.0    94.3    57.4    80.5   0.107   0.028 -99.000 -99.000 -99.000    19.7    19.0 -9999.0 -9999.0 -9999.0
04237 20250723  2.623 -123.81   47.51    25.9    12.8    19.3    16.8     0.0    17.74 C     0.0     0.0     0.0    94.1    48.9    78.6   0.107   0.028 -99.000 -99.000 -99.000    20.4    19.6 -9999.0 -9999.0 -9999.0
04237 20250724  2.623 -123.81   47.51    18.0    12.0    15.0    14.6     0.0     7.83 C     0.0     0.0     0.0    94.5    69.9    83.8   0.105   0.027 -99.000 -99.000 -99.000    19.4    19.1 -9999.0 -9999.0 -9999.0
04237 20250725  2.623 -123.81   47.51    21.5     9.4    15.4    15.0     0.6    18.46 C     0.0     0.0     0.0    94.3    49.6    78.0   0.105   0.026 -99.000 -99.000 -99.000    19.9    19.3 -9999.0 -9999.0 -9999.0
04237 20250726  2.623 -123.81   47.51    22.6     9.1    15.9    14.0     0.0    14.39 C     0.0     0.0     0.0    94.0    43.2    75.7   0.104   0.026 -99.000 -99.000 -99.000    19.1    18.7 -9999.0 -9999.0 -9999.0
04237 20250727  2.623 -123.81   47.51    22.6     7.2    14.9    14.1     0.0    20.31 C     0.0     0.0     0.0    94.9    44.1    73.4   0.104   0.024 -99.000 -99.000 -99.000    19.0    18.5 -9999.0 -9999.0 -9999.0
04237 20250728  2.623 -123.81   47.51    25.7     7.3    16.5    15.3     0.0    20.66 C     0.0     0.0     0.0    94.8    35.4    69.9   0.103   0.023 -99.000 -99.000 -99.000    19.0    18.5 -9999.0 -9999.0 -9999.0
04237 20250729  2.623 -123.81   47.51    29.1     8.3    18.7    17.4     0.0    20.47 C     0.0     0.0     0.0    94.8    35.0    68.9   0.103   0.023 -99.000 -99.000 -99.000    19.6    18.9 -9999.0 -9999.0 -9999.0
04237 20250730  2.623 -123.81   47.51    28.7    10.7    19.7    17.8     0.0    17.02 C     0.0     0.0     0.0    94.2    42.3    74.2   0.102   0.022 -99.000 -99.000 -99.000    19.9    19.2 -9999.0 -9999.0 -9999.0
04237 20250731  2.623 -123.81   47.51    28.2    12.2    20.2    17.6     0.0    17.67 C     0.0     0.0     0.0    94.8    42.0    76.1   0.102   0.022 -99.000 -99.000 -99.000    20.6    19.8 -9999.0 -9999.0 -9999.0
04237 20250801  2.623 -123.81   47.51    25.8    12.9    19.3    17.0     0.2    16.43 C     0.0     0.0     0.0    94.5    43.4    76.9   0.102   0.022 -99.000 -99.000 -99.000    20.9    20.1 -9999.0 -9999.0 -9999.0
04237 20250802  2.623 -123.81   47.51    24.1    11.5    17.8    16.8     0.2    13.52 C     0.0     0.0     0.0    93.6    48.4    77.3   0.101   0.022 -99.000 -99.000 -99.000    20.5    20.0 -9999.0 -9999.0 -9999.0
04237 20250803  2.623 -123.81   47.51    19.8    11.1    15.5    15.4     0.0     6.00 C     0.0     0.0     0.0    92.7    58.2    79.3   0.100   0.020 -99.000 -99.000 -99.000    19.2    19.0 -9999.0 -9999.0 -9999.0
04237 20250804  2.623 -123.81   47.51    21.5    13.7    17.6    16.1     0.0     8.60 C     0.0     0.0     0.0    88.7    57.6    77.4   0.100   0.019 -99.000 -99.000 -99.000    19.3    18.9 -9999.0 -9999.0 -9999.0
04237 20250805  2.623 -123.81   47.51    22.4    14.1    18.3    16.2     2.0     8.12 C     0.0     0.0     0.0    94.7    50.0    80.7   0.101   0.019 -99.000 -99.000 -99.000    19.3    18.9 -9999.0 -9999.0 -9999.0
04237 20250806  2.623 -123.81   47.51    20.0    13.7    16.9    16.2    32.9     9.07 C     0.0     0.0     0.0    95.2    76.0    92.0   0.182   0.109 -99.000 -99.000 -99.000    18.8    18.5 -9999.0 -9999.0 -9999.0
04237 20250807  2.623 -123.81   47.51    21.8     9.5    15.7    15.2     0.0    16.84 C     0.0     0.0     0.0    96.0    51.8    79.2   0.181   0.101 -99.000 -99.000 -99.000    18.7    18.4 -9999.0 -9999.0 -9999.0
04237 20250808  2.623 -123.81   47.51    25.5     8.5    17.0    15.8     0.0    18.62 C     0.0     0.0     0.0    95.5    46.3    77.7   0.172   0.092 -99.000 -99.000 -99.000    18.5    18.2 -9999.0 -9999.0 -9999.0
04237 20250809  2.623 -123.81   47.51    27.6    11.1    19.4    18.0     0.0    18.13 C     0.0     0.0     0.0    95.4    46.7    77.9   0.157   0.079 -99.000 -99.000 -99.000    19.2    18.6 -9999.0 -9999.0 -9999.0
04237 20250810  2.623 -123.81   47.51    32.3    13.3    22.8    21.0     0.0    18.20 C     0.0     0.0     0.0    95.0    40.5    75.3   0.161   0.080 -99.000 -99.000 -99.000    20.0    19.4 -9999.0 -9999.0 -9999.0
04237 20250811  2.623 -123.81   47.51    34.2    15.3    24.8    23.0     0.0    17.64 C     0.0     0.0     0.0    95.1    33.5    71.8   0.157   0.074 -99.000 -99.000 -99.000    20.8    20.2 -9999.0 -9999.0 -9999.0
04237 20250812  2.623 -123.81   47.51    34.2    15.4    24.8    22.6     0.0    17.76 C     0.0     0.0     0.0    93.7    31.9    67.8   0.151   0.068 -99.000 -99.000 -99.000    21.0    20.4 -9999.0 -9999.0 -9999.0
04237 20250813  2.623 -123.81   47.51    24.1    12.7    18.4    17.0     0.0    14.16 C     0.0     0.0     0.0    94.5    56.2    81.0   0.135 -99.000 -99.000 -99.000 -99.000    20.3    19.3 -9999.0 -9999.0 -9999.0
04237 20250814  2.623 -123.81   47.51    21.7    12.8    17.3    15.6    23.0     8.23 C     0.0     0.0     0.0    95.1    48.8    81.0   0.154   0.075 -99.000 -99.000 -99.000    19.3    19.1 -9999.0 -9999.0 -9999.0
04237 20250815  2.623 -123.81   47.51    17.5    14.6    16.1    16.1   133.4     1.23 C     0.0     0.0     0.0    95.4    93.4    94.8   0.250   0.181 -99.000 -99.000 -99.000    18.0    17.9 -9999.0 -9999.0 -9999.0
04237 20250816  2.623 -123.81   47.51    18.3    14.2    16.3    15.9    19.5     5.27 C     0.0     0.0     0.0    95.7    88.7    94.2   0.255   0.170 -99.000 -99.000 -99.000    18.3    18.0 -9999.0 -9999.0 -9999.0
04237 20250817  2.623 -123.81   47.51    20.7    13.3    17.0    15.6     0.6     9.04 C     0.0     0.0     0.0    95.4    55.1    89.6   0.235   0.149 -99.000 -99.000 -99.000    18.5    18.2 -9999.0 -9999.0 -9999.0
04237 20250818  2.623 -123.81   47.51    19.7    11.9    15.8    15.4     0.0     8.10 C     0.0     0.0     0.0    95.4    64.7    86.1   0.224   0.138 -99.000 -99.000 -99.000    18.4    18.1 -9999.0 -9999.0 -9999.0
04237 20250819  2.623 -123.81   47.51    21.9    11.2    16.5    15.6     0.0     9.15 C     0.0     0.0     0.0    95.3    62.9    86.5   0.217   0.131 -99.000 -99.000 -99.000    18.2    17.9 -9999.0 -9999.0 -9999.0
04237 20250820  2.623 -123.81   47.51    23.8    11.5    17.6    16.5     0.0    17.09 C     0.0     0.0     0.0    95.1    43.4    79.0   0.211   0.125 -99.000 -99.000 -99.000    18.8    18.5 -9999.0 -9999.0 -9999.0
04237 20250821  2.623 -123.81   47.51    26.6     9.8    18.2    16.7     0.0    17.02 C     0.0     0.0     0.0    95.6    41.3    78.2   0.205   0.117 -99.000 -99.000 -99.000    18.3    18.1 -9999.0 -9999.0 -9999.0
04237 20250822  2.623 -123.81   47.51    31.2    10.7    21.0    18.9     0.0    17.67 C     0.0     0.0     0.0    95.4    38.4    76.3   0.202   0.111 -99.000 -99.000 -99.000    18.6    18.3 -9999.0 -9999.0 -9999.0
04237 20250823  2.623 -123.81   47.51    32.8    13.0    22.9    20.9     0.0    17.56 C     0.0     0.0     0.0    92.3    34.3    72.9   0.196   0.106 -99.000 -99.000 -99.000    19.3    18.9 -9999.0 -9999.0 -9999.0
04237 20250824  2.623 -123.81   47.51    31.9    14.1    23.0    20.6     0.0    16.56 C     0.0     0.0     0.0    95.1    35.3    76.1   0.190   0.101 -99.000 -99.000 -99.000    19.7    19.3 -9999.0 -9999.0 -9999.0
04237 20250825  2.623 -123.81   47.51    28.7    13.9    21.3    18.6     0.0    16.16 C     0.0     0.0     0.0    95.4    50.7    81.3   0.186   0.096 -99.000 -99.000 -99.000    19.8    19.4 -9999.0 -9999.0 -9999.0
04237 20250826  2.623 -123.81   47.51    28.7    14.2    21.4    18.7     0.0    16.26 C     0.0     0.0     0.0    94.9    49.0    81.4   0.180   0.092 -99.000 -99.000 -99.000    20.1    19.7 -9999.0 -9999.0 -9999.0
04237 20250827  2.623 -123.81   47.51    18.8    13.6    16.2    15.6     0.0     4.17 C     0.0     0.0     0.0    94.8    76.3    89.2   0.176   0.088 -99.000 -99.000 -99.000    19.1    19.0 -9999.0 -9999.0 -9999.0
04237 20250828  2.623 -123.81   47.51    25.3    15.3    20.3    17.9     0.8    12.29 C     0.0     0.0     0.0    94.8    66.0    86.5   0.176   0.086 -99.000 -99.000 -99.000    19.3    19.0 -9999.0 -9999.0 -9999.0
04237 20250829  2.623 -123.81   47.51    18.2    14.8    16.5    16.0     0.5     3.65 C     0.0     0.0     0.0    94.7    82.2    90.9   0.175   0.085 -99.000 -99.000 -99.000    18.9    18.7 -9999.0 -9999.0 -9999.0
04237 20250830  2.623 -123.81   47.51    19.6    14.5    17.0    16.1     0.6     5.90 C     0.0     0.0     0.0    95.0    76.3    90.0   0.176   0.084 -99.000 -99.000 -99.000    18.6    18.4 -9999.0 -9999.0 -9999.0
04237 20250831  2.623 -123.81   47.51    22.5    13.0    17.7    16.1     0.0    12.60 C     0.0     0.0     0.0    94.7    67.4    87.4   0.175   0.081 -99.000 -99.000 -99.000    18.9    18.5 -9999.0 -9999.0 -9999.0
04237 20250901  2.623 -123.81   47.51    22.2    13.1    17.7    16.3     1.5     8.42 C     0.0     0.0     0.0    94.7    63.7    87.9   0.175   0.080 -99.000 -99.000 -99.000    18.8    18.6 -9999.0 -9999.0 -9999.0
04237 20250902  2.623 -123.81   47.51    26.8    11.7    19.3    17.5     0.0    15.37 C     0.0     0.0     0.0    95.7    54.3    82.8   0.174   0.078 -99.000 -99.000 -99.000    18.7    18.4 -9999.0 -9999.0 -9999.0
04237 20250903  2.623 -123.81   47.51    26.3    13.0    19.6    17.5     0.0    14.48 C     0.0     0.0     0.0    95.4    58.7    83.6   0.171   0.076 -99.000 -99.000 -99.000    19.0    18.6 -9999.0 -9999.0 -9999.0
04237 20250904  2.623 -123.81   47.51    20.5    13.3    16.9    16.0     0.0     6.48 C     0.0     0.0     0.0    95.0    74.0    88.3   0.170   0.074 -99.000 -99.000 -99.000    18.7    18.5 -9999.0 -9999.0 -9999.0
04237 20250905  2.623 -123.81   47.51    18.5    13.7    16.1    15.4     0.0     6.43 C     0.0     0.0     0.0    95.3    79.4    90.9   0.168   0.072 -99.000 -99.000 -99.000    18.5    18.3 -9999.0 -9999.0 -9999.0
04237 20250906  2.623 -123.81   47.51    19.2    13.2    16.2    15.2     2.1     5.46 C     0.0     0.0     0.0    95.3    74.8    90.5   0.168   0.073 -99.000 -99.000 -99.000    18.3    18.0 -9999.0 -9999.0 -9999.0
04237 20250907  2.623 -123.81   47.51    18.0    14.1    16.0    15.4     0.0     4.47 C     0.0     0.0     0.0    95.1    79.2    90.7   0.169   0.076 -99.000 -99.000 -99.000    18.1    17.8 -9999.0 -9999.0 -9999.0
04237 20250908  2.623 -123.81   47.51    21.6    12.6    17.1    16.1     0.0     7.06 C     0.0     0.0     0.0    94.8    56.5    84.8   0.168   0.073 -99.000 -99.000 -99.000    18.0    17.8 -9999.0 -9999.0 -9999.0
04237 20250909  2.623 -123.81   47.51    21.3    11.5    16.4    15.8     0.0     8.60 C     0.0     0.0     0.0    95.3    64.9    86.5   0.167   0.071 -99.000 -99.000 -99.000    18.0    17.7 -9999.0 -9999.0 -9999.0
04237 20250910  2.623 -123.81   47.51    21.3    14.1    17.7    15.7     0.0     7.05 C     0.0     0.0     0.0    95.0    66.9    87.6   0.165   0.070 -99.000 -99.000 -99.000    18.2    17.9 -9999.0 -9999.0 -9999.0
04237 20250911  2.623 -123.81   47.51    17.9    12.9    15.4    14.9     0.0     4.51 C     0.0     0.0     0.0    94.9    77.6    87.8   0.163   0.068 -99.000 -99.000 -99.000    18.0    17.7 -9999.0 -9999.0 -9999.0
04237 20250912  2.623 -123.81   47.51    22.6    11.4    17.0    16.2     0.0    10.32 C     0.0     0.0     0.0    95.0    56.7    83.6   0.162   0.066 -99.000 -99.000 -99.000    18.0    17.7 -9999.0 -9999.0 -9999.0
04237 20250913  2.623 -123.81   47.51    22.0    11.7    16.8    16.1     3.7    12.89 C     0.0     0.0     0.0    95.2    57.0    83.2   0.161   0.065 -99.000 -99.000 -99.000    18.2    17.8 -9999.0 -9999.0 -9999.0
04237 20250914  2.623 -123.81   47.51    16.8     8.0    12.4    13.6     9.0     5.20 C     0.0     0.0     0.0    95.7    64.4    92.1   0.226   0.132 -99.000 -99.000 -99.000    17.8    17.6 -9999.0 -9999.0 -9999.0
04237 20250915  2.623 -123.81   47.51    21.2     6.6    13.9    12.9     0.0    12.05 C     0.0     0.0     0.0    96.0    56.7    84.7   0.211   0.118 -99.000 -99.000 -99.000    16.3    16.3 -9999.0 -9999.0 -9999.0
04237 20250916  2.623 -123.81   47.51    30.9    10.5    20.7    17.6     0.0    13.58 C     0.0     0.0     0.0    95.8    20.7    75.4   0.198   0.107 -99.000 -99.000 -99.000    16.8    16.6 -9999.0 -9999.0 -9999.0
04237 20250917  2.623 -123.81   47.51    24.9    11.2    18.1    16.6     2.1    13.30 C     0.0     0.0     0.0    94.6    52.4    81.3   0.190   0.100 -99.000 -99.000 -99.000    17.2    16.9 -9999.0 -9999.0 -9999.0
04237 20250918  2.623 -123.81   47.51    22.0    10.1    16.1    14.3     0.0    11.86 C     0.0     0.0     0.0    95.6    56.7    84.6   0.193   0.099 -99.000 -99.000 -99.000    17.3    17.1 -9999.0 -9999.0 -9999.0
04237 20250919  2.623 -123.81   47.51    23.8     8.2    16.0    14.1     0.0    11.83 C     0.0     0.0     0.0    95.8    51.2    83.4   0.187   0.093 -99.000 -99.000 -99.000    16.3    16.2 -9999.0 -9999.0 -9999.0
04237 20250920  2.623 -123.81   47.51    16.8     9.7    13.2    13.1    10.7     3.63 C     0.0     0.0     0.0    95.7    76.5    89.4   0.186   0.094 -99.000 -99.000 -99.000    16.0    15.9 -9999.0 -9999.0 -9999.0
04237 20250921  2.623 -123.81   47.51    19.3     9.4    14.4    14.1    33.8    10.50 C     0.0     0.0     0.0    95.7    59.8    88.6   0.261   0.158 -99.000 -99.000 -99.000    16.1    15.9 -9999.0 -9999.0 -9999.0
04237 20250922  2.623 -123.81   47.51    21.3     8.6    15.0    13.4     0.0    11.26 C     0.0     0.0     0.0    96.1    53.5    84.9   0.233   0.139 -99.000 -99.000 -99.000    15.6    15.5 -9999.0 -9999.0 -9999.0
04237 20250923  2.623 -123.81   47.51    24.7     8.5    16.6    14.5     0.0    12.30 C     0.0     0.0     0.0    95.7    43.5    83.5   0.222   0.130 -99.000 -99.000 -99.000    15.5    15.4 -9999.0 -9999.0 -9999.0
04237 20250924  2.623 -123.81   47.51    23.9     8.7    16.3    13.9     0.0    12.69 C     0.0     0.0     0.0    95.5    46.0    82.8   0.215   0.123 -99.000 -99.000 -99.000    15.5    15.4 -9999.0 -9999.0 -9999.0
04237 20250925  2.623 -123.81   47.51 -9999.0 -9999.0 -9999.0 -9999.0     0.0 -9999.00 U -9999.0 -9999.0 -9999.0 -9999.0 -9999.0 -9999.0 -99.000 -99.000 -99.000 -99.000 -99.000 -9999.0 -9999.0 -9999.0 -9999.0 -9999.0
04237 20250926  2.623 -123.81   47.51    19.9     9.6    14.7    14.1     0.0    10.22 C    28.9     8.0    16.0    94.4    57.5    83.2   0.206   0.117 -99.000 -99.000 -99.000    15.6    15.4 -9999.0 -9999.0 -9999.0
04237 20250927  2.623 -123.81   47.51    23.8    12.7    18.2    16.0     0.0    12.24 C    31.2    11.2    17.5    94.7    49.2    82.5   0.202   0.114 -99.000 -99.000 -99.000    16.2    15.9 -9999.0 -9999.0 -9999.0
04237 20250928  2.623 -123.81   47.51    19.2    11.3    15.3    14.8     3.4     6.85 C    28.1     9.9    16.5    95.8    62.2    87.3   0.200   0.112 -99.000 -99.000 -99.000    16.2    15.9 -9999.0 -9999.0 -9999.0
04237 20250929  2.623 -123.81   47.51    16.1    12.0    14.1    14.3    23.5     3.03 C    20.7    11.8    15.3    95.6    92.5    95.1   0.262   0.167 -99.000 -99.000 -99.000    16.1    15.9 -9999.0 -9999.0 -9999.0
04237 20250930  2.623 -123.81   47.51    15.6    11.3    13.4    12.2    24.4     3.13 C    19.9    11.6    13.3    95.8    81.7    93.7   0.264   0.170 -99.000 -99.000 -99.000    15.5    15.4 -9999.0 -9999.0 -9999.0
04237 20251001  2.623 -123.81   47.51    16.7    10.5    13.6    12.8    14.1     5.93 C    23.5     9.7    13.8    95.9    80.8    93.6   0.271   0.177 -99.000 -99.000 -99.000    15.1    14.9 -9999.0 -9999.0 -9999.0
04237 20251002  2.623 -123.81   47.51    15.3     9.0    12.2    12.5    25.9     3.17 C    21.0     7.1    13.1    95.9    90.2    94.6   0.278   0.181 -99.000 -99.000 -99.000    15.0    14.9 -9999.0 -9999.0 -9999.0
04237 20251003  2.623 -123.81   47.51    18.0     6.7    12.3    11.7     0.0     9.77 C    26.3     4.7    12.6    96.5    71.3    92.7   0.255   0.160 -99.000 -99.000 -99.000    14.4    14.3 -9999.0 -9999.0 -9999.0
04237 20251004  2.623 -123.81   47.51    19.0    10.3    14.6    13.3     0.0    10.33 C    26.5     8.4    14.7    95.9    68.7    90.0   0.246   0.151 -99.000 -99.000 -99.000    15.1    14.9 -9999.0 -9999.0 -9999.0
04237 20251005  2.623 -123.81   47.51    18.2     6.1    12.1    11.0     0.0    12.08 C    24.6     3.7    11.1    96.6    52.2    87.1   0.237   0.143 -99.000 -99.000 -99.000    14.3    14.3 -9999.0 -9999.0 -9999.0
04237 20251006  2.623 -123.81   47.51    21.5     6.3    13.9    11.8     0.0    11.86 C    26.3     3.7    11.8    96.0    44.3    84.7   0.231   0.136 -99.000 -99.000 -99.000    13.8    13.8 -9999.0 -9999.0 -9999.0
04237 20251007  2.623 -123.81   47.51    21.2     8.1    14.7    12.8     0.0    10.97 C    26.1     5.0    12.5    96.1    50.2    85.1   0.225   0.129 -99.000 -99.000 -99.000    13.8    13.7 -9999.0 -9999.0 -9999.0
04237 20251008  2.623 -123.81   47.51    15.7     5.4    10.5     9.7     0.0    11.82 C    22.3     2.8    10.5    95.8    47.9    81.5   0.221   0.126 -99.000 -99.000 -99.000    13.4    13.4 -9999.0 -9999.0 -9999.0
04237 20251009  2.623 -123.81   47.51    18.9     7.4    13.2    11.3     0.9     9.00 C    25.3     6.5    12.0    95.2    37.4    82.0   0.217   0.123 -99.000 -99.000 -99.000    13.3    13.3 -9999.0 -9999.0 -9999.0
04237 20251010  2.623 -123.81   47.51    17.1     8.6    12.8    11.5     1.8     6.35 C    23.0     6.8    12.4    95.9    59.3    89.1   0.217   0.122 -99.000 -99.000 -99.000    13.6    13.5 -9999.0 -9999.0 -9999.0
04237 20251011  2.623 -123.81   47.51    11.8     6.5     9.2     9.2     1.7     2.51 C    14.5     4.5     9.6    96.1    87.5    94.2   0.235   0.132 -99.000 -99.000 -99.000    12.9    12.9 -9999.0 -9999.0 -9999.0
04237 20251012  2.623 -123.81   47.51    13.6     3.2     8.4     8.3     2.2     6.25 C    19.9     1.6     9.1    96.3    55.6    89.2   0.245   0.142 -99.000 -99.000 -99.000    12.7    12.7 -9999.0 -9999.0 -9999.0
04237 20251013  2.623 -123.81   47.51    17.0     2.0     9.5     8.0     0.0    10.65 C    20.8     0.3     7.3    96.4    35.4    81.2   0.246   0.147 -99.000 -99.000 -99.000    11.5    11.6 -9999.0 -9999.0 -9999.0
04237 20251014  2.623 -123.81   47.51    16.6     3.5    10.0     8.4     0.0    10.48 C    21.3     0.5     7.3    94.6    43.9    80.5   0.239   0.141 -99.000 -99.000 -99.000    11.2    11.3 -9999.0 -9999.0 -9999.0
04237 20251015  2.623 -123.81   47.51    16.7     2.3     9.5     7.6     0.0     9.67 C    20.8    -0.3     6.5    95.7    37.8    82.0   0.233   0.135 -99.000 -99.000 -99.000    10.6    10.7 -9999.0 -9999.0 -9999.0
04237 20251016  2.623 -123.81   47.51    13.8     2.5     8.2     8.4     1.1     5.34 C    18.2    -0.2     8.2    96.2    68.3    89.4   0.229   0.131 -99.000 -99.000 -99.000    10.4    10.5 -9999.0 -9999.0 -9999.0
04237 20251017  2.623 -123.81   47.51    14.8     5.5    10.2     9.5     2.6     7.01 C    21.3     2.5     9.5    96.4    62.3    91.6   0.248   0.146 -99.000 -99.000 -99.000    11.4    11.4 -9999.0 -9999.0 -9999.0
04237 20251018  2.623 -123.81   47.51    10.7     5.0     7.9     8.0    27.2     1.39 C    12.4     2.2     8.1    96.1    88.0    94.1   0.260   0.157 -99.000 -99.000 -99.000    10.6    10.7 -9999.0 -9999.0 -9999.0
04237 20251019  2.623 -123.81   47.51    12.3     7.5     9.9     9.7    39.7     3.07 C    15.7     7.0    10.4    96.0    88.2    94.7   0.297   0.186 -99.000 -99.000 -99.000    10.9    10.8 -9999.0 -9999.0 -9999.0
04237 20251020  2.623 -123.81   47.51    12.8     5.4     9.1     9.0     0.2     4.88 C    16.4     2.8     9.3    96.4    77.0    93.4   0.267   0.165 -99.000 -99.000 -99.000    11.0    10.9 -9999.0 -9999.0 -9999.0
04237 20251021  2.623 -123.81   47.51    16.4     5.9    11.1     9.6     0.0     8.81 C    20.8     2.9     9.1    96.5    69.2    91.6   0.255   0.154 -99.000 -99.000 -99.000    11.1    11.0 -9999.0 -9999.0 -9999.0
04237 20251022  2.623 -123.81   47.51    12.9     5.1     9.0     9.1     8.8     1.71 C    14.9     2.9     8.7    96.3    93.2    95.3   0.266   0.162 -99.000 -99.000 -99.000    10.5    10.5 -9999.0 -9999.0 -9999.0
04237 20251023  2.623 -123.81   47.51    13.2     9.8    11.5    11.2     4.5     1.49 C    14.6     9.4    11.3    96.0    91.8    94.9   0.273   0.175 -99.000 -99.000 -99.000    11.3    11.1 -9999.0 -9999.0 -9999.0
04237 20251024  2.623 -123.81   47.51    12.7     6.1     9.4    10.2    35.9     0.55 C    13.1     3.9    10.2    96.3    93.6    95.3   0.289   0.197 -99.000 -99.000 -99.000    11.4    11.3 -9999.0 -9999.0 -9999.0
04237 20251025  2.623 -123.81   47.51     9.4     6.3     7.9     7.7    49.6     0.73 C    11.3     6.1     7.9    96.3    83.1    93.8   0.299   0.204 -99.000 -99.000 -99.000    10.3    10.3 -9999.0 -9999.0 -9999.0
04237 20251026  2.623 -123.81   47.51     8.2     3.5     5.9     5.9    12.0     2.20 C    11.5     1.8     6.3    96.6    90.3    95.0   0.288   0.197 -99.000 -99.000 -99.000     9.6     9.7 -9999.0 -9999.0 -9999.0
04237 20251027  2.623 -123.81   47.51    11.5     3.4     7.5     6.3     2.6     7.99 C    17.4     1.4     6.5    96.4    66.0    92.5   0.275   0.186 -99.000 -99.000 -99.000     9.4     9.5 -9999.0 -9999.0 -9999.0
04237 20251028  2.623 -123.81   47.51    10.4     4.6     7.5     8.3    26.3     0.42 C    10.3     4.0     8.0    96.3    76.6    91.1   0.277   0.194 -99.000 -99.000 -99.000     9.2     9.2 -9999.0 -9999.0 -9999.0
04237 20251029  2.623 -123.81   47.51    12.4     5.0     8.7     8.4     2.0     3.71 C    18.2     1.6     7.6    96.5    84.8    95.0   0.279   0.197 -99.000 -99.000 -99.000     9.6     9.6 -9999.0 -9999.0 -9999.0
04237 20251030  2.623 -123.81   47.51    12.4     3.3     7.8     6.9     0.0     3.75 C    15.0     0.6     5.5    96.6    84.3    95.0   0.263   0.178 -99.000 -99.000 -99.000     8.8     8.9 -9999.0 -9999.0 -9999.0
04237 20251031  2.623 -123.81   47.51    10.3     5.4     7.8     8.4    77.2     0.08 C    10.5     3.2     8.1    96.5    95.5    96.0   0.289   0.199 -99.000 -99.000 -99.000     8.9     8.9 -9999.0 -9999.0 -9999.0
04237 20251101  2.623 -123.81   47.51    14.2     7.9    11.0    10.3    56.8     2.69 C    15.8     7.5    10.7    96.2    73.3    94.3   0.303   0.212 -99.000 -99.000 -99.000    10.1     9.9 -9999.0 -9999.0 -9999.0
04237 20251102  2.623 -123.81   47.51    11.9     5.8     8.8     7.5     1.6     5.67 C    16.7     4.2     7.7    96.1    66.4    92.9   0.280   0.198 -99.000 -99.000 -99.000     9.7     9.6 -9999.0 -9999.0 -9999.0
04237 20251103  2.623 -123.81   47.51    10.4     3.4     6.9     6.7     0.0     1.57 C    11.5     0.8     6.1    96.4    66.7    92.7   0.264   0.185 -99.000 -99.000 -99.000     9.1     9.1 -9999.0 -9999.0 -9999.0
04237 20251104  2.623 -123.81   47.51    13.9     2.8     8.4     8.1     6.4     4.03 C    14.6     0.1     6.8    96.7    60.6    87.6   0.261   0.178 -99.000 -99.000 -99.000     8.4     8.5 -9999.0 -9999.0 -9999.0
04237 20251105  2.623 -123.81   47.51    14.5     9.9    12.2    11.3    68.7     0.30 C    12.1    10.0    10.9    95.7    76.3    92.3   0.312   0.213 -99.000 -99.000 -99.000     9.8     9.6 -9999.0 -9999.0 -9999.0
04237 20251106  2.623 -123.81   47.51 -9999.0 -9999.0 -9999.0 -9999.0 -9999.0 -9999.00 U -9999.0 -9999.0 -9999.0 -9999.0 -9999.0 -9999.0 -99.000 -99.000 -99.000 -99.000 -99.000 -9999.0 -9999.0 -9999.0 -9999.0 -9999.0
