04136 20250101  2.622 -117.53   47.42     0.4    -2.1    -0.9    -0.4     0.7     0.43 C     0.4    -3.3    -0.8    88.6    80.2    84.7   0.295   0.346   0.312   0.282   0.234     1.3     2.1     2.4     3.3     3.6
04136 20250102  2.622 -117.53   47.42     2.0    -2.0     0.0     0.2     3.1     1.13 C     3.4    -3.7     0.1    90.4    79.8    87.9   0.297   0.350   0.313   0.282   0.235     1.5     2.0     2.3     3.1     3.4
04136 20250103  2.622 -117.53   47.42     2.2     0.1     1.1     1.0    15.0     0.46 C     3.1    -0.3     1.0    90.2    84.7    88.3   0.307   0.357   0.318   0.288   0.240     1.9     2.2     2.4     3.0     3.3
04136 20250104  2.622 -117.53   47.42     2.3     0.0     1.2     0.8     1.4     3.57 C     0.3    -1.5    -0.2    91.4    80.7    88.3   0.306   0.358   0.320   0.290   0.242     1.7     2.2     2.4     3.1     3.3
04136 20250105  2.622 -117.53   47.42     3.1     0.6     1.8     1.8     4.9     1.44 C     2.3     0.0     0.6    91.1    87.6    89.5   0.316   0.364   0.325   0.296   0.246     1.7     2.1     2.4     3.0     3.2
04136 20250106  2.622 -117.53   47.42     2.2    -0.3     1.0     0.9     0.0     1.53 C     6.1     0.0     1.4    90.1    74.7    84.3   0.304   0.357   0.318   0.290   0.241     2.1     2.4     2.5     3.0     3.2
04136 20250107  2.622 -117.53   47.42     1.5    -0.4     0.6     0.3     0.0     1.15 C     4.8    -0.7     0.7    86.0    69.8    78.6   0.299   0.353   0.315   0.285   0.237     2.1     2.4     2.6     3.1     3.3
04136 20250108  2.622 -117.53   47.42     0.6    -2.1    -0.8    -0.8     0.4     1.38 C     5.0    -3.4     0.1    87.6    77.9    84.6   0.297   0.349   0.313   0.283   0.235     1.9     2.3     2.5     3.1     3.3
04136 20250109  2.622 -117.53   47.42     1.3    -2.8    -0.8    -0.6     0.0     1.43 C     3.5    -5.0    -0.4    88.2    72.0    81.0   0.295   0.345   0.312   0.281   0.234     1.6     2.2     2.4     3.0     3.2
04136 20250110  2.622 -117.53   47.42 -9999.0 -9999.0 -9999.0 -9999.0 -9999.0 -9999.00 U -9999.0 -9999.0 -9999.0 -9999.0 -9999.0 -9999.0 -99.000 -99.000 -99.000 -99.000 -99.000 -9999.0 -9999.0 -9999.0 -9999.0 -9999.0
04136 20250111  2.622 -117.53   47.42 -9999.0 -9999.0 -9999.0 -9999.0 -9999.0 -9999.00 U -9999.0 -9999.0 -9999.0 -9999.0 -9999.0 -9999.0 -99.000 -99.000 -99.000 -99.000 -99.000 -9999.0 -9999.0 -9999.0 -9999.0 -9999.0
04136 20250112  2.622 -117.53   47.42     1.5    -4.1    -1.3    -1.1     0.0     2.60 C     4.8    -6.3    -1.1    91.9    75.1    84.9   0.293   0.343   0.310   0.279   0.232     1.3     1.8     2.0     2.8     3.0
04136 20250113  2.622 -117.53   47.42     1.2    -5.7    -2.3    -1.6     0.0     1.76 C     3.9    -7.5    -1.5    91.4    80.7    87.9   0.291   0.341   0.309   0.278   0.231     1.0     1.6     1.9     2.7     3.0
04136 20250114  2.622 -117.53   47.42     4.3    -7.2    -1.5    -2.3     0.0     6.02 C     7.2    -8.2    -3.0    89.0    63.3    81.8   0.287   0.336   0.305   0.274   0.228     0.6     1.4     1.7     2.5     2.8
04136 20250115  2.622 -117.53   47.42     3.8    -6.1    -1.2    -1.8     0.0     6.74 C     7.7    -7.1    -2.3    89.4    66.2    83.1   0.302   0.336   0.303   0.271   0.225     0.5     1.2     1.4     2.3     2.7
04136 20250116  2.622 -117.53   47.42    -1.0    -6.1    -3.6    -3.0     0.0     1.56 C     3.0    -7.3    -1.8    90.1    84.8    88.2   0.307   0.335   0.301   0.268   0.223     0.4     1.1     1.3     2.2     2.5
04136 20250117  2.622 -117.53   47.42    -0.8    -8.6    -4.7    -4.8     0.0     3.99 C     8.8   -10.2    -4.6    88.4    69.2    84.6   0.302   0.332   0.298   0.265   0.221     0.3     1.0     1.3     2.1     2.4
04136 20250118  2.622 -117.53   47.42    -0.1   -11.0    -5.5    -6.0     0.0     4.09 C     6.9   -11.6    -5.5    87.9    60.9    81.1 -99.000   0.324   0.292   0.258   0.217     0.3     0.9     1.2     2.1     2.3
04136 20250119  2.622 -117.53   47.42    -0.6   -12.6    -6.6    -6.7     0.0     3.68 C     5.5   -13.5    -6.5    86.0    57.7    79.1 -99.000   0.318   0.288   0.253   0.213     0.1     0.8     1.0     2.0     2.2
04136 20250120  2.622 -117.53   47.42    -0.3   -15.7    -8.0    -8.5     0.0     6.20 C     5.2   -14.9    -7.7    81.8    35.6    67.3 -99.000   0.308   0.279   0.244   0.207     0.0     0.7     0.9     1.9     2.1
04136 20250121  2.622 -117.53   47.42     0.3   -12.2    -6.0    -5.8     0.0     6.66 C     8.5   -12.6    -5.8    85.4    41.9    68.1 -99.000   0.292   0.274   0.238   0.203    -0.2     0.6     0.8     1.8     2.0
04136 20250122  2.622 -117.53   47.42     2.3   -14.8    -6.3    -7.3     0.0     7.43 C     7.7   -14.2    -7.0    85.7    46.0    73.6 -99.000   0.275   0.265   0.231   0.199    -0.4     0.5     0.7     1.6     2.0
04136 20250123  2.622 -117.53   47.42     2.2   -11.5    -4.7    -4.0     0.0     4.27 C     7.4   -12.0    -4.3    84.7    44.5    69.8 -99.000   0.267   0.259 -99.000   0.193    -0.5     0.3     0.6     1.6     1.8
04136 20250124  2.622 -117.53   47.42     2.3   -13.6    -5.7    -6.1     0.0     7.91 C     8.5   -14.1    -6.6    85.6    39.9    70.2 -99.000   0.263   0.256 -99.000   0.190    -0.5     0.3     0.5     1.5     1.8
04136 20250125  2.622 -117.53   47.42     2.0   -15.1    -6.5    -8.0     0.0     7.66 C     7.6   -15.0    -8.0    83.9    40.6    71.6 -99.000   0.253   0.249 -99.000   0.185    -0.8     0.1     0.4     1.4     1.7
04136 20250126  2.622 -117.53   47.42     2.3   -14.2    -6.0    -7.1     0.0     7.95 C     9.6   -14.3    -6.6    83.9    35.3    68.4 -99.000   0.242   0.241 -99.000   0.179    -1.0     0.0     0.3     1.3     1.6
04136 20250127  2.622 -117.53   47.42     2.2   -14.5    -6.2    -7.3     0.0     8.27 C     9.7   -14.6    -7.1    84.5    41.8    70.8 -99.000   0.233   0.234 -99.000   0.173    -1.1    -0.1     0.3     1.3     1.5
04136 20250128  2.622 -117.53   47.42     2.8   -15.0    -6.1    -7.5     0.0     8.32 C     9.8   -15.1    -7.2    84.9    42.5    71.2 -99.000   0.222   0.226 -99.000   0.165    -1.3    -0.2     0.2     1.2     1.4
04136 20250129  2.622 -117.53   47.42     4.9   -14.9    -5.0    -6.4     0.0     8.61 C    11.9   -14.9    -6.6    84.4    35.4    68.2 -99.000 -99.000 -99.000 -99.000   0.156    -1.4    -0.3     0.1     1.1     1.4
04136 20250130  2.622 -117.53   47.42     7.6   -12.2    -2.3    -2.5     0.0     6.68 C    15.1   -13.1    -2.2    83.7    34.2    65.2 -99.000 -99.000 -99.000 -99.000   0.150    -1.1    -0.3     0.0     1.1     1.3
04136 20250131  2.622 -117.53   47.42     5.4    -1.9     1.7     2.6    17.7     0.65 C     4.3    -2.1     1.4    87.2    71.5    82.1 -99.000 -99.000 -99.000 -99.000   0.121    -0.5    -0.2    -0.2     1.1     0.9
04136 20250201  2.622 -117.53   47.42     4.5    -3.0     0.8     1.5     0.0     8.72 C     5.9    -6.2    -0.5    82.7    37.2    65.3 -99.000 -99.000 -99.000 -99.000   0.173    -0.4    -0.2    -0.2     1.0     1.0
04136 20250202  2.622 -117.53   47.42     3.7    -4.6    -0.5    -1.0     0.0     7.02 C    10.6    -7.4    -1.7    84.8    43.1    72.0 -99.000 -99.000 -99.000 -99.000   0.189    -0.4    -0.1     0.0     1.0     1.1
04136 20250203  2.622 -117.53   47.42     1.4    -3.6    -1.1    -1.0     0.7     2.89 C     2.8    -6.3    -1.6    85.2    59.0    74.0 -99.000 -99.000 -99.000 -99.000   0.190    -0.4    -0.1     0.0     0.9     1.1
04136 20250204  2.622 -117.53   47.42    -2.5    -7.8    -5.1    -4.9     5.8     2.56 C    -2.5    -7.7    -4.9    85.3    63.6    76.6 -99.000 -99.000 -99.000 -99.000   0.190    -0.4    -0.1     0.0     0.9     1.1
04136 20250205  2.622 -117.53   47.42    -3.2   -10.8    -7.0    -6.4     1.2     3.09 C    -2.7   -18.6    -7.2    86.7    72.3    81.5 -99.000 -99.000 -99.000 -99.000   0.189    -0.4    -0.1     0.0     0.9     1.1
04136 20250206  2.622 -117.53   47.42    -1.2    -6.3    -3.8    -3.9     0.7     4.95 C    -0.8    -6.6    -4.6    86.8    65.1    79.1 -99.000 -99.000 -99.000 -99.000   0.190    -0.4    -0.1     0.0     0.8     1.1
04136 20250207  2.622 -117.53   47.42    -1.6    -6.1    -3.9    -4.8     0.0     9.21 C    -2.2   -10.3    -6.1    83.1    47.3    68.2 -99.000 -99.000 -99.000 -99.000   0.191    -0.4    -0.1     0.0     0.9     1.1
04136 20250208  2.622 -117.53   47.42    -1.9    -9.1    -5.5    -4.6     2.8     4.01 C    -1.6   -13.7    -5.4    89.1    75.2    82.0 -99.000 -99.000 -99.000 -99.000   0.191    -0.5    -0.1     0.0     0.9     1.1
04136 20250209  2.622 -117.53   47.42    -1.9   -19.3   -10.6    -9.1     0.0     7.32 C    -0.5   -23.0   -11.5    87.6    45.3    74.8 -99.000 -99.000 -99.000 -99.000   0.191    -0.5    -0.1     0.0     0.8     1.1
04136 20250210  2.622 -117.53   47.42    -4.4   -23.5   -14.0   -14.8     0.0    10.95 C    -4.3   -25.7   -17.4    79.9    45.9    68.2 -99.000 -99.000 -99.000 -99.000   0.190    -1.0    -0.1     0.0     0.8     1.1
04136 20250211  2.622 -117.53   47.42   -10.7   -23.9   -17.3   -18.4     0.0     9.46 C    -6.4   -26.3   -19.5    82.4    69.0    76.6 -99.000 -99.000 -99.000 -99.000   0.185    -1.6    -0.3    -0.2     0.8     1.0
04136 20250212  2.622 -117.53   47.42    -8.9   -25.6   -17.3   -18.2     0.0    11.45 C    -6.1   -26.7   -19.3    79.0    58.4    71.2 -99.000 -99.000 -99.000 -99.000   0.172    -1.9    -0.4    -0.3     0.7     1.0
04136 20250213  2.622 -117.53   47.42    -2.9   -22.1   -12.5    -9.4     0.0     7.24 C    -4.2   -24.0   -11.3    80.3    42.1    64.6 -99.000 -99.000 -99.000 -99.000   0.162    -1.6    -0.5    -0.4     0.7     1.0
04136 20250214  2.622 -117.53   47.42    -3.4    -6.5    -4.9    -4.8     2.5     4.98 C    -1.5    -8.3    -4.7    87.8    69.7    80.6 -99.000 -99.000 -99.000 -99.000   0.156    -0.8    -0.4    -0.2     0.7     1.0
04136 20250215  2.622 -117.53   47.42    -0.8   -10.5    -5.7    -3.9     1.9     4.62 C    -0.8   -17.6    -4.6    87.9    75.8    83.7 -99.000 -99.000 -99.000 -99.000   0.154    -0.7    -0.3    -0.3     0.7     0.9
04136 20250216  2.622 -117.53   47.42     0.7    -1.8    -0.5    -0.7     7.2     3.24 C     0.2    -2.6    -1.0    89.7    84.4    87.1 -99.000 -99.000 -99.000 -99.000   0.153    -0.5    -0.3    -0.2     0.6     0.9
04136 20250217  2.622 -117.53   47.42     1.4    -1.1     0.1    -0.2     3.2     4.71 C     0.2    -1.4    -0.4    90.5    79.3    88.3 -99.000 -99.000 -99.000 -99.000   0.153    -0.5    -0.3    -0.2     0.6     0.9
04136 20250218  2.622 -117.53   47.42     2.2    -0.7     0.8     0.4     0.0     5.60 C     0.0    -4.5    -0.5    90.3    70.8    82.1 -99.000 -99.000 -99.000 -99.000   0.152    -0.4    -0.3    -0.2     0.6     0.9
04136 20250219  2.622 -117.53   47.42     1.4    -0.9     0.3     0.2     6.7     2.79 C     0.0    -5.4    -1.5    91.6    71.7    83.8 -99.000 -99.000 -99.000 -99.000   0.155    -0.4    -0.3    -0.2     0.6     0.9
04136 20250220  2.622 -117.53   47.42     1.8    -5.1    -1.7    -0.6     0.7     4.54 C     0.2    -9.2    -1.5    91.2    80.1    88.5 -99.000 -99.000 -99.000 -99.000   0.158    -0.4    -0.3    -0.2     0.6     0.9
04136 20250221  2.622 -117.53   47.42     3.7    -9.5    -2.9    -1.3     0.0     7.99 C     0.2   -12.7    -3.9    89.7    63.4    78.4 -99.000 -99.000 -99.000 -99.000   0.162    -0.4    -0.2    -0.2     0.6     0.8
04136 20250222  2.622 -117.53   47.42     5.2     1.7     3.4     3.6     4.2     5.75 C     0.6    -0.1     0.1    85.0    65.0    74.6 -99.000 -99.000 -99.000 -99.000   0.175    -0.3    -0.2    -0.1     0.6     0.8
04136 20250223  2.622 -117.53   47.42     9.1     3.7     6.4     7.2    22.4     2.24 C     7.3     0.3     4.1    91.2    71.6    87.2 -99.000 -99.000 -99.000 -99.000   0.182    -0.3    -0.2    -0.1     0.6     0.8
04136 20250224  2.622 -117.53   47.42    10.4    -1.4     4.5     5.2     3.9     6.31 C    11.8    -3.6     2.8    88.5    52.6    75.5 -99.000 -99.000 -99.000 -99.000   0.259    -0.3    -0.2    -0.2     0.2     0.5
04136 20250225  2.622 -117.53   47.42     7.1     2.8     4.9     5.1     0.0     3.15 C     5.6     0.1     2.5    86.1    58.6    65.9 -99.000 -99.000 -99.000 -99.000   0.244    -0.3    -0.2    -0.1     0.2     0.5
04136 20250226  2.622 -117.53   47.42    11.3    -3.2     4.1     3.4     0.0    13.36 C    15.6    -5.5     1.8    88.6    41.9    71.9 -99.000 -99.000 -99.000 -99.000   0.224    -0.3    -0.2    -0.1     0.4     0.6
04136 20250227  2.622 -117.53   47.42    13.8    -4.5     4.6     3.3     0.0    13.74 C    16.7    -6.4     1.3    89.5    31.4    69.2 -99.000 -99.000 -99.000 -99.000   0.217    -0.3    -0.2    -0.1     0.4     0.7
04136 20250228  2.622 -117.53   47.42    14.7    -4.6     5.0     3.4     0.0    12.48 C    18.4    -6.2     1.7    88.8    36.4    70.8 -99.000 -99.000 -99.000 -99.000   0.215    -0.3    -0.2    -0.1     0.5     0.7
04136 20250301  2.622 -117.53   47.42    16.4    -4.5     6.0     4.1     0.0    14.80 C    20.1    -6.2     2.3    88.7    30.4    68.3 -99.000 -99.000 -99.000 -99.000   0.213    -0.3    -0.2    -0.1     0.5     0.7
04136 20250302  2.622 -117.53   47.42    10.4    -3.9     3.3     3.7     0.0    10.76 C    16.2    -6.1     2.7    88.3    56.8    76.8 -99.000 -99.000 -99.000 -99.000   0.213    -0.3    -0.2    -0.1     0.5     0.7
04136 20250303  2.622 -117.53   47.42     9.5    -2.3     3.6     4.5     0.0     8.39 C    20.3    -5.8     3.9    90.9    61.5    81.4 -99.000 -99.000 -99.000 -99.000   0.216     0.0    -0.2    -0.1     0.5     0.7
04136 20250304  2.622 -117.53   47.42     9.4    -3.3     3.1     3.2     1.3     5.56 C    12.5    -6.1     1.7    89.7    49.2    76.6 -99.000 -99.000 -99.000 -99.000   0.222    -0.1    -0.1    -0.1     0.5     0.7
04136 20250305  2.622 -117.53   47.42     9.0    -4.3     2.3     2.4     0.0    14.25 C    20.0    -6.9     1.7    88.4    41.1    69.6 -99.000 -99.000 -99.000 -99.000   0.226     0.1    -0.1    -0.1     0.6     0.7
04136 20250306  2.622 -117.53   47.42     9.9    -4.3     2.8     2.1     0.0    16.03 C    17.9    -7.8     1.1    84.7    27.5    62.4 -99.000 -99.000 -99.000 -99.000   0.227     0.0     0.0     0.0     0.6     0.9
04136 20250307  2.622 -117.53   47.42     9.4    -6.8     1.3     0.8     0.0    14.76 C    17.0    -8.9     0.3    86.4    37.2    69.5 -99.000 -99.000   0.306 -99.000   0.226    -0.1     0.0     0.1     0.5     1.0
04136 20250308  2.622 -117.53   47.42    12.7    -3.0     4.8     4.5     0.0     9.24 C    18.7    -6.2     2.0    86.4    28.5    58.7 -99.000 -99.000   0.306 -99.000   0.226     0.2     0.1     0.2     0.6     1.0
04136 20250309  2.622 -117.53   47.42    14.3    -0.2     7.0     8.3     0.0    10.10 C    21.4    -3.8     5.5    75.2    28.0    45.8 -99.000   0.365   0.306 -99.000   0.227     0.8     0.4     0.4     0.6     1.1
04136 20250310  2.622 -117.53   47.42     9.3    -0.2     4.6     4.7     0.0    13.31 C    20.5    -4.3     5.0    76.5    27.5    52.3   0.291   0.364   0.304 -99.000   0.227     1.4     0.7     0.8     0.6     1.4
04136 20250311  2.622 -117.53   47.42     8.6     0.0     4.3     4.2     0.2     9.57 C    19.1    -1.7     5.2    87.0    30.4    61.7   0.296   0.362   0.303 -99.000   0.228     1.6     0.9     1.0     0.6     1.6
04136 20250312  2.622 -117.53   47.42     9.1     3.0     6.1     5.9     7.9     4.50 C    14.6     2.2     5.6    90.2    67.5    81.7   0.316   0.359 -99.000 -99.000   0.231     2.5 -9999.0     1.2 -9999.0     1.9
04136 20250313  2.622 -117.53   47.42     8.2    -2.6     2.8     4.3     4.8     9.13 C    14.7    -6.5     3.6    85.0    30.3    68.1   0.334   0.377   0.325   0.296   0.245     3.0     2.3     1.9     2.0     2.1
04136 20250314  2.622 -117.53   47.42     7.8    -3.2     2.3     2.2     0.0    15.58 C    25.1    -7.1     3.8    84.4    28.9    59.3   0.322   0.354   0.324   0.290   0.238     2.3     2.0     2.2     2.2     2.3
04136 20250315  2.622 -117.53   47.42     7.7     0.4     4.1     3.5     7.8     7.14 C    12.6    -0.1     2.7    88.4    45.3    71.8   0.329   0.362   0.331   0.295   0.245     2.7     2.5     2.5     2.5     2.5
04136 20250316  2.622 -117.53   47.42     6.9    -1.9     2.5     3.8     3.5     6.16 C     9.5    -6.4     2.9    87.6    50.6    75.7   0.328   0.362   0.331   0.296   0.245     3.0     2.7     2.7     2.6     2.7
04136 20250317  2.622 -117.53   47.42     7.7    -3.3     2.2     1.2     0.3    10.27 C    18.2    -7.3     1.0    89.1    44.3    75.7   0.321   0.354   0.326   0.290   0.240     2.4     2.5     2.6     2.7     2.8
04136 20250318  2.622 -117.53   47.42     8.2    -3.1     2.5     1.3     1.2    12.93 C    23.7    -7.9     0.9    86.0    27.5    63.7   0.319   0.351   0.323   0.288   0.237     2.2     2.3     2.5     2.7     2.8
04136 20250319  2.622 -117.53   47.42     9.1    -4.6     2.2     3.6     0.0    13.27 C    19.4    -8.5     3.4    80.0    33.6    56.2   0.315   0.348   0.320   0.285   0.235     2.1     2.2     2.3     2.6     2.7
04136 20250320  2.622 -117.53   47.42     9.6     0.9     5.3     5.2     3.8    10.74 C    18.3    -0.8     5.3    86.3    36.8    64.6   0.317   0.349   0.320   0.286   0.236     3.3     2.9     2.8     2.8     2.8
04136 20250321  2.622 -117.53   47.42     9.6     1.8     5.7     5.3     6.8     5.72 C    11.3    -0.7     4.6    89.2    48.4    73.0   0.321   0.354   0.325   0.289   0.239     3.7     3.3     3.3     3.1     3.1
04136 20250322  2.622 -117.53   47.42    10.0    -0.1     4.9     4.7     0.0    16.79 C    23.9    -2.2     6.0    85.8    33.2    60.4   0.323   0.358   0.327   0.293   0.242     4.2     3.7     3.5     3.3     3.3
04136 20250323  2.622 -117.53   47.42    11.0     2.8     6.9     6.8     4.7     2.86 C    11.7     0.0     6.0    87.5    65.6    77.8   0.323   0.357   0.327   0.293   0.241     4.4     3.9     3.9     3.7     3.7
04136 20250324  2.622 -117.53   47.42    14.4     6.0    10.2    11.4     0.2     4.42 C    17.0     2.0     9.8    90.5    64.4    76.9   0.319   0.354   0.325   0.291   0.240     6.5     5.2     4.8     4.1     4.0
04136 20250325  2.622 -117.53   47.42    22.1     2.7    12.4    11.9     0.0    17.91 C    38.1     0.0    12.4    92.3    32.1    70.2   0.316   0.350   0.321   0.287   0.237     7.9     6.3     5.8     4.8     4.6
04136 20250326  2.622 -117.53   47.42    24.5     4.4    14.4    13.8     0.0    17.52 C    34.3     0.9    13.3    90.8    26.5    61.5   0.313   0.346   0.319   0.284   0.235     8.6     7.2     6.7     5.6     5.3
04136 20250327  2.622 -117.53   47.42    13.4     5.8     9.6     9.8     1.2     8.61 C    30.6     0.9     9.3    86.9    44.5    69.5   0.311   0.344   0.316   0.281   0.233     8.5     7.7     7.4     6.2     6.0
04136 20250328  2.622 -117.53   47.42    11.3     0.6     5.9     6.7     5.0     7.81 C    17.0    -3.8     5.5    89.8    51.7    75.5   0.316   0.349   0.320   0.286   0.236     7.4     7.1     7.0     6.4     6.2
04136 20250329  2.622 -117.53   47.42    11.5    -2.1     4.7     4.2     0.0    16.88 C    28.8    -5.7     5.1    89.5    38.9    69.5   0.315   0.349   0.320   0.286   0.236     6.2     6.2     6.2     6.1     6.1
04136 20250330  2.622 -117.53   47.42    14.4    -3.8     5.3     6.4     0.0    15.48 C    24.5    -7.2     7.1    89.4    32.6    61.1   0.312   0.346   0.318   0.283   0.234     5.9     5.8     5.8     5.9     5.9
04136 20250331  2.622 -117.53   47.42     9.6     0.0     4.8     5.2     1.8     7.95 C    18.1    -3.3     5.1    82.9    51.0    74.9   0.311   0.345   0.317   0.282   0.233     6.5     6.2     6.1     5.9     5.9
04136 20250401  2.622 -117.53   47.42     8.9    -0.3     4.3     3.3     0.7    12.15 C    22.6    -4.0     4.9    88.3    48.6    77.9   0.311   0.344   0.317   0.282   0.233     5.9     5.8     5.8     5.9     5.8
04136 20250402  2.622 -117.53   47.42    12.0     1.2     6.6     6.0     0.0    15.18 C    26.5    -1.3     8.1    87.3    32.3    63.4   0.309   0.342   0.315   0.280   0.232     6.4     6.0     5.9     5.8     5.8
04136 20250403  2.622 -117.53   47.42    11.8    -2.7     4.5     4.1     0.0    15.74 C    26.9    -6.6     5.8    88.4    26.1    66.0   0.307   0.340   0.313   0.277   0.230     6.5     6.3     6.1     5.9     5.9
04136 20250404  2.622 -117.53   47.42    13.0    -3.6     4.7     4.0     0.0    21.92 C    30.4    -7.4     6.0    88.9    23.3    61.8   0.305   0.337   0.311   0.275   0.228     6.1     5.9     5.9     5.9     5.9
04136 20250405  2.622 -117.53   47.42    16.5    -4.2     6.1     5.7     0.0    21.67 C    31.0    -7.4     7.4    88.1    19.0    58.5   0.302   0.334   0.308   0.272   0.226     6.4     6.1     6.0     5.9     5.9
04136 20250406  2.622 -117.53   47.42    20.2    -2.6     8.8     9.1     0.0    20.70 C    33.8    -5.3    10.9    88.7    20.5    58.3   0.300   0.331   0.306   0.269   0.224     7.4     6.6     6.4     6.1     6.1
04136 20250407  2.622 -117.53   47.42    14.7     5.6    10.1     8.7     8.1     7.29 C    19.7     3.3     8.8    89.0    47.4    76.1   0.308   0.341   0.313   0.277   0.229     8.3     7.6     7.3     6.7     6.5
04136 20250408  2.622 -117.53   47.42    13.7     2.6     8.2     7.3     0.3    16.51 C    27.7    -0.3     8.1    82.8    36.8    66.7   0.306   0.343   0.315 -99.000   0.233     7.7     7.3     7.2     6.7     6.7
04136 20250409  2.622 -117.53   47.42    13.1     0.9     7.0     7.2     0.0    21.45 C    30.0    -4.0     8.9    89.6    34.0    62.5   0.302   0.342   0.311 -99.000   0.229     7.8     7.3     7.1     6.7     6.8
04136 20250410  2.622 -117.53   47.42    20.9     3.0    11.9    12.6     0.0    16.94 C    33.2    -1.3    13.3    74.5    27.1    50.5   0.301   0.339   0.310 -99.000   0.227     9.1     8.0     7.7     7.0     7.0
04136 20250411  2.622 -117.53   47.42    14.7    -0.7     7.0     8.5     0.0    20.79 C    31.4    -4.2    10.4    89.7    35.0    60.8   0.302   0.334   0.307   0.272   0.227     9.7     8.9     8.5     7.6     7.4
04136 20250412  2.622 -117.53   47.42    12.3    -2.7     4.8     5.6     0.0    14.79 C    22.4    -6.5     5.3    90.0    26.6    54.8   0.301   0.330   0.305   0.269   0.223     7.5     7.8     7.8     7.7     7.6
04136 20250413  2.622 -117.53   47.42    12.5    -5.8     3.4     3.8     0.0    23.75 C    29.3    -8.8     6.6    84.0    25.4    55.5   0.298   0.330   0.302 -99.000   0.225     7.0     7.1     7.0     7.2     7.3
04136 20250414  2.622 -117.53   47.42    18.2    -4.1     7.0     7.1     0.0    23.73 C    33.3    -7.1     9.0    88.0    18.2    54.1   0.295   0.325   0.300 -99.000   0.220     7.7     7.3     7.2     7.1     7.2
04136 20250415  2.622 -117.53   47.42    20.0    -2.3     8.8     9.3     0.0    23.18 C    34.2    -5.1    11.1    89.1    21.0    55.6   0.293   0.321   0.297 -99.000   0.217     8.7     8.0     7.7     7.2     7.3
04136 20250416  2.622 -117.53   47.42    14.8    -0.5     7.1     8.0     0.0    24.40 C    31.0    -3.5    10.3    89.8     9.7    44.9   0.288   0.319   0.294 -99.000   0.214     8.6     8.3 -9999.0 -9999.0     7.6
04136 20250417  2.622 -117.53   47.42    14.3    -4.0     5.2     6.1     0.0    25.04 C    31.2    -7.3     8.7    79.2    17.4    41.5   0.285   0.313   0.291   0.252   0.213     8.4     8.1     8.0     7.7     7.7
04136 20250418  2.622 -117.53   47.42    16.6    -4.6     6.0     6.7     0.0    24.57 C    32.2    -7.4     9.0    85.1    18.8    49.6   0.282   0.310   0.287   0.249   0.210     8.2     8.0     7.8     7.7     7.7
04136 20250419  2.622 -117.53   47.42    14.8     0.1     7.4     8.4     2.8    10.16 C    25.9    -2.5     8.0    81.0    45.9    63.8   0.282   0.312   0.288 -99.000   0.212     8.4     8.1     8.0     7.7     7.8
04136 20250420  2.622 -117.53   47.42    13.4     1.0     7.2     6.5     0.7    12.41 C    29.3    -2.6     6.9    84.7    38.1    65.1   0.283 -99.000   0.289 -99.000 -99.000 -9999.0 -9999.0 -9999.0 -9999.0 -9999.0
04136 20250421  2.622 -117.53   47.42    12.2    -0.1     6.1     6.0     0.3    18.03 C    27.3    -3.4     7.1    81.6    32.1    59.4   0.280   0.310   0.288 -99.000   0.207     7.9     7.8     7.8     7.6     7.7
04136 20250422  2.622 -117.53   47.42    14.3    -3.5     5.4     5.0     0.0    23.06 C    33.9    -5.7     8.8    87.4    21.5    58.3   0.279   0.308   0.285 -99.000   0.207     8.3     7.9     7.7     7.4     7.6
04136 20250423  2.622 -117.53   47.42    16.1    -5.0     5.5     6.0     0.0    25.27 C    32.7    -7.8     9.2    87.4    18.1    53.2   0.275   0.306   0.282 -99.000   0.207     8.3     8.1     7.8     7.6     7.7
04136 20250424  2.622 -117.53   47.42    20.3    -3.5     8.4     9.1     0.0    25.37 C    35.3    -5.8    11.5    87.1    16.4    51.8   0.272   0.299   0.279   0.240   0.205     9.3     8.6     8.2     7.9     7.9
04136 20250425  2.622 -117.53   47.42    22.6     1.5    12.0    13.0     0.0    24.95 C    36.2    -2.1    13.7    83.2    14.1    43.5   0.267   0.296   0.276 -99.000   0.202    10.6     9.5     9.0     8.0     8.2
04136 20250426  2.622 -117.53   47.42    20.2    -0.3     9.9    10.9     0.0    21.60 C    33.2    -2.2    12.7    88.9    27.8    57.8   0.263   0.293   0.272 -99.000   0.200    11.0    10.0     9.6     8.4     8.7
04136 20250427  2.622 -117.53   47.42    22.7     0.9    11.8    11.9     0.0    23.27 C    35.5    -1.0    14.4    88.9    22.7    58.0   0.258   0.292   0.267 -99.000 -99.000    11.3    10.3     9.9     8.8     9.0
04136 20250428  2.622 -117.53   47.42    18.5     2.2    10.4    11.8     0.0    22.09 C    33.7     0.1    14.1    84.1    32.1    54.7   0.257   0.286   0.265 -99.000   0.195    11.8    10.9    10.4     9.4     9.3
04136 20250429  2.622 -117.53   47.42    17.4     5.2    11.3    11.2     3.7    15.21 C    27.7     0.5    11.7    87.0    31.9    61.3   0.259   0.292   0.266 -99.000   0.197    11.6    11.0    10.6     9.6     9.6
04136 20250430  2.622 -117.53   47.42    18.5    -1.2     8.6     9.1     0.0    25.85 C    33.2    -3.2    12.1    87.3    25.8    57.6   0.257   0.288   0.266 -99.000   0.196    11.2    10.7    10.3     9.6     9.7
04136 20250501  2.622 -117.53   47.42    21.5    -0.7    10.4    11.1     0.0    26.32 C    36.6    -2.4    14.2    90.4    25.2    58.9   0.253   0.282   0.262 -99.000   0.193    12.1    11.1    10.6     9.7     9.8
04136 20250502  2.622 -117.53   47.42    26.4     1.4    13.9    14.4     0.0    26.44 C    38.8    -0.4    16.2    90.2    16.6    54.3   0.246   0.277   0.257 -99.000   0.189    13.2    12.0 -9999.0 -9999.0 -9999.0
04136 20250503  2.622 -117.53   47.42    12.7     3.4     8.0    10.0     0.6     7.03 C    16.6    -1.2     9.4    84.0    57.6    72.0   0.241   0.277   0.253 -99.000   0.188    11.7    11.6    11.3    10.3    10.5
04136 20250504  2.622 -117.53   47.42    16.1    -0.4     7.8     7.9     0.0    22.52 C    34.9    -3.2    10.7    76.5    22.4    51.6   0.242   0.275   0.251 -99.000   0.186    11.1    10.8    10.6    10.1    10.2
04136 20250505  2.622 -117.53   47.42    18.9    -4.1     7.4     8.4     0.0    27.68 C    36.4    -6.0    11.9    84.3    18.9    49.8   0.238   0.268   0.247 -99.000   0.184    11.1    10.7    10.4    10.0    10.1
04136 20250506  2.622 -117.53   47.42    21.5    -2.6     9.4    10.6     0.0    27.82 C    36.2    -4.8    13.5    88.3    18.9    50.4   0.231   0.265   0.243 -99.000   0.181    11.8    11.1    10.7     9.9    10.1
04136 20250507  2.622 -117.53   47.42    23.9     0.0    11.9    14.3     0.0    25.55 C    37.8    -1.4    16.2    88.1    19.6    47.3   0.226   0.260   0.237 -99.000   0.178    12.7    11.7    11.2    10.1    10.3
04136 20250508  2.622 -117.53   47.42    18.2    -0.8     8.7    10.7     0.0    27.11 C    34.1    -1.5    14.3    83.8    15.4    44.8   0.221   0.255   0.232 -99.000   0.174    13.2    12.3    11.8    10.6    10.7
04136 20250509  2.622 -117.53   47.42    24.8    -2.5    11.1    12.1     0.0    23.96 C    39.2    -3.3    14.6    87.5    17.3    51.8   0.215   0.249   0.226 -99.000   0.171    12.7    12.0    11.6    10.7    10.8
04136 20250510  2.622 -117.53   47.42    25.1     2.4    13.7    15.3     0.0    24.05 C    37.6     0.8    17.1    88.6    17.2    47.8   0.208   0.244   0.221 -99.000   0.167    13.8    12.7    12.1    10.9    11.0
04136 20250511  2.622 -117.53   47.42    16.5     4.3    10.4    10.9    13.0    10.06 C    26.5     2.7    12.8    88.5    51.8    71.6   0.219   0.247   0.223 -99.000   0.165    13.4    12.8    12.5    11.3    11.4
04136 20250512  2.622 -117.53   47.42    17.0     2.4     9.7    10.5     0.0    24.52 C    34.1     0.8    13.9    90.3    34.0    63.0   0.242   0.268   0.243 -99.000   0.178    13.0    12.4    12.1    11.3    11.4
04136 20250513  2.622 -117.53   47.42    15.2     5.9    10.5    10.2     0.9    13.58 C    31.1     3.6    12.3    85.1    51.7    71.3   0.234   0.264   0.240 -99.000   0.179    12.8    12.4    12.1    11.3    11.4
04136 20250514  2.622 -117.53   47.42    16.9     7.6    12.2    11.5     0.0    10.45 C    28.4     6.9    12.4    80.8    38.0    60.0   0.232   0.262   0.238 -99.000   0.178    12.1    12.0    11.8    11.3    11.4
04136 20250515  2.622 -117.53   47.42    16.6     4.8    10.7    10.4     0.0    22.76 C    35.8     3.7    14.3    75.2    33.3    54.7   0.226   0.259   0.234 -99.000   0.175    12.6    12.0    11.7    11.2    11.2
04136 20250516  2.622 -117.53   47.42    11.5     2.7     7.1     8.0     2.7     7.65 C    16.6     0.6     9.0    89.1    62.0    76.1   0.226   0.258   0.234 -99.000   0.174    11.6    11.7    11.6    11.2    11.3
04136 20250517  2.622 -117.53   47.42    18.1     2.4    10.3    11.3     2.6    18.80 C    37.5     0.6    14.5    90.4    37.4    67.8   0.226   0.259   0.235 -99.000   0.175    12.6    11.9    11.5    11.1    11.1
04136 20250518  2.622 -117.53   47.42    12.0     4.2     8.1     7.8     2.7    17.95 C    25.6     1.8     9.8    85.9    42.4    67.3   0.231   0.263   0.238 -99.000   0.177    11.8    11.7    11.6    11.2    11.2
04136 20250519  2.622 -117.53   47.42    12.1     2.0     7.0     8.2     1.1    12.51 C    20.8    -0.5     9.5    88.1    52.4    71.7   0.229   0.263   0.239 -99.000   0.178    10.9    11.1    11.1    11.0    11.1
04136 20250520  2.622 -117.53   47.42    15.3     4.9    10.1     9.8     0.0    22.22 C    31.1     3.5    12.3    89.8    33.6    60.0   0.228   0.261   0.238 -99.000   0.178    11.8    11.3    11.1    10.8    10.9
04136 20250521  2.622 -117.53   47.42    17.1     2.0     9.5     9.3     0.0    27.53 C    36.6    -0.9    13.3    84.7    25.7    58.4   0.223   0.257   0.234 -99.000   0.173    12.3    11.7    11.4    10.9    10.9
04136 20250522  2.622 -117.53   47.42    13.8     2.4     8.1     8.6     1.3    10.35 C    20.7     1.0     9.9    90.5    53.8    73.2   0.221   0.255   0.232 -99.000   0.172    11.8    11.6    11.5    11.0    11.1
04136 20250523  2.622 -117.53   47.42    20.0     0.3    10.1    10.9     0.0    18.41 C    36.7    -0.6    13.4    90.9    33.3    65.6   0.221   0.254   0.231 -99.000   0.163    12.4    11.7    11.4    10.9    11.0
04136 20250524  2.622 -117.53   47.42    23.4     1.1    12.2    13.5     0.0    28.05 C    39.6     0.0    17.0    90.6    21.9    57.0   0.217   0.249   0.226 -99.000   0.158    13.9    12.7    12.1    11.1    11.2
04136 20250525  2.622 -117.53   47.42    29.1     2.3    15.7    18.3     0.0    28.67 C    42.8     0.9    20.6    89.4    17.7    49.7   0.205   0.242   0.219 -99.000   0.157    15.6    13.9    13.1    11.6    11.7
04136 20250526  2.622 -117.53   47.42    21.7     5.7    13.7    15.4     0.0    21.43 C    38.1     3.5    17.6    82.8    29.6    56.5   0.198   0.236   0.213 -99.000   0.142    16.3    14.9    14.2    12.3    12.4
04136 20250527  2.622 -117.53   47.42    22.8     2.3    12.6    13.7     0.0    27.63 C    39.3     0.7    17.2    85.8    23.6    52.9   0.193   0.230   0.206 -99.000   0.138    15.4    14.5    13.9    12.6    12.7
04136 20250528  2.622 -117.53   47.42    29.7     3.4    16.6    18.4     0.0    29.11 C    43.9     2.3    21.0    88.6    22.3    52.5   0.185   0.223   0.199 -99.000   0.134    16.8    15.2    14.3    12.8    12.9
04136 20250529  2.622 -117.53   47.42    24.3     6.6    15.5    16.9     0.0    19.16 C    37.2     2.8    17.6    88.6    29.1    54.2   0.177   0.217   0.192 -99.000   0.130    16.5    15.5    14.9    13.3    13.3
04136 20250530  2.622 -117.53   47.42    25.9     2.1    14.0    15.2     0.0    29.73 C    42.3     0.0    18.4    84.5    17.8    50.9   0.169   0.211   0.185 -99.000   0.127    16.3    15.2    14.6    13.3    13.4
04136 20250531  2.622 -117.53   47.42    29.2     4.9    17.0    18.7     0.0    28.15 C    43.6     3.0    21.5    87.6    16.2    44.9   0.160   0.201   0.178 -99.000   0.123    17.3    15.9    15.1    13.5    13.6
04136 20250601  2.622 -117.53   47.42    21.0     4.3    12.7    13.4     0.0    28.87 C    41.5     0.7    18.1    75.6    18.2    42.2   0.150   0.197   0.171 -99.000   0.125    17.0    16.0    15.3    13.8    13.9
04136 20250602  2.622 -117.53   47.42    21.0    -1.4     9.8    11.6     0.0    29.02 C    42.4    -2.3    16.0    79.1    14.9    42.8   0.142   0.187   0.165 -99.000   0.134    15.9    15.4    14.8    13.7    13.9
04136 20250603  2.622 -117.53   47.42    23.2    -0.8    11.2    13.7     0.0    25.38 C    48.8    -2.3    17.9    84.5    17.8    45.1   0.137   0.186   0.159 -99.000   0.135    15.8    15.1    14.4    13.5    13.7
04136 20250604  2.622 -117.53   47.42    23.8     4.3    14.0    15.1     0.0    18.80 C    46.3     2.3    18.0    84.5    24.5    50.1   0.133   0.180   0.154 -99.000   0.135    16.9    15.8    15.0    13.6    13.8
04136 20250605  2.622 -117.53   47.42    26.7     1.6    14.1    15.8     0.0    25.58 C    46.6    -0.2    19.7    89.1    16.6    50.7   0.126   0.169   0.149 -99.000   0.136    17.0    15.8    14.9    13.7    13.9
04136 20250606  2.622 -117.53   47.42    27.6     4.6    16.1    17.2     0.0    20.32 C    46.3     2.7    20.5    85.5    22.5    50.9   0.119   0.170   0.144 -99.000   0.127    17.5    16.3    15.3    13.8    14.0
04136 20250607  2.622 -117.53   47.42    29.6     7.8    18.7    19.0     0.0    23.49 C    50.2     4.9    23.2    86.5    19.4    52.4   0.113   0.164   0.139 -99.000   0.123    18.9    17.2    16.0    14.2    14.3
04136 20250608  2.622 -117.53   47.42    31.0     3.7    17.4    19.4     0.0    24.84 C    51.6     1.9    23.5    84.0    16.6    47.0   0.104   0.153   0.132 -99.000   0.119    19.4    17.7    16.5    14.6    14.8
04136 20250609  2.622 -117.53   47.42    34.3     6.4    20.3    21.8     0.0    24.41 C    53.0     4.6    25.5    87.0    12.2    46.1   0.096   0.147   0.124 -99.000   0.115    20.2    18.3    17.1    14.9    15.1
04136 20250610  2.622 -117.53   47.42    32.3     8.8    20.5    21.4     0.0    23.35 C    52.5     6.3    24.9    82.0    13.0    43.2   0.085   0.139   0.115 -99.000   0.102    20.6    18.8    17.6    15.4    15.5
04136 20250611  2.622 -117.53   47.42    28.3     7.2    17.7    19.8     0.0    21.06 C    49.9     5.2    23.2    83.0    13.8    43.2   0.077   0.130   0.107 -99.000   0.099    19.9    18.5    17.5    15.6    15.7
04136 20250612  2.622 -117.53   47.42    25.9     7.7    16.8    18.3     0.0    24.43 C    48.2     4.6    23.1    66.2    16.9    36.2   0.067   0.124   0.101 -99.000   0.099    20.3    18.7    17.7    15.7    15.9
04136 20250613  2.622 -117.53   47.42    24.1     9.2    16.7    17.2     0.0    23.20 C    47.5     4.7    23.0    61.8    24.8    39.7   0.068   0.118   0.096 -99.000   0.095    20.1    18.7    17.6    15.8    16.0
04136 20250614  2.622 -117.53   47.42    23.9     2.2    13.1    14.2     0.0    24.08 C    47.0    -0.7    20.0    75.6    22.2    46.8   0.062   0.113   0.092 -99.000   0.091    19.7    18.5    17.5    15.9    16.1
04136 20250615  2.622 -117.53   47.42    27.1    -0.4    13.4    15.0     0.0    24.03 C    50.9    -2.2    20.8    86.0    14.4    45.4   0.058   0.110   0.088 -99.000   0.087    19.1    18.1    17.1    15.7    16.0
04136 20250616  2.622 -117.53   47.42    29.2     1.5    15.4    17.1     0.0    23.63 C    52.4    -0.8    22.2    87.0    10.0    41.5   0.058   0.105   0.084 -99.000   0.069    19.7    18.3    17.3    15.7    15.9
04136 20250617  2.622 -117.53   47.42    25.7     6.0    15.8    16.9     0.0    23.21 C    49.1     2.7    21.3    71.6    16.6    39.3   0.056   0.102   0.081 -99.000   0.067    19.6    18.4    17.4    15.8    16.0
04136 20250618  2.622 -117.53   47.42    26.2     5.5    15.9    18.3     0.0    24.20 C    50.1     3.5    23.5    77.9    17.9    40.8   0.054   0.099   0.079 -99.000   0.063    20.2    18.6    17.6    15.9    16.1
04136 20250619  2.622 -117.53   47.42    23.9     2.9    13.4    14.9     0.0    22.97 C    49.3     0.7    20.8    74.6    18.6    42.3   0.055   0.097   0.077 -99.000   0.059    19.8    18.6    17.6    16.0    16.2
04136 20250620  2.622 -117.53   47.42    19.3     2.6    10.9    12.7     0.0    17.04 C    44.2     0.5    17.1    78.9    24.2    48.9   0.050   0.096   0.076 -99.000   0.066    18.3    17.8    17.1    15.9    16.1
04136 20250621  2.622 -117.53   47.42    15.7     5.8    10.8    11.0     0.0    12.07 C    33.0     4.1    15.0    78.4    38.2    59.6   0.035   0.094   0.075 -99.000   0.067    17.1    16.9    16.4    15.6    15.8
04136 20250622  2.622 -117.53   47.42    21.3     7.6    14.4    13.8     1.9    15.52 C    44.9     5.8    18.7    89.4    28.6    60.6   0.042   0.094   0.074 -99.000   0.066    17.8    16.9    16.2    15.4    15.5
04136 20250623  2.622 -117.53   47.42    23.9     4.1    14.0    15.0     0.0    19.88 C    41.4     2.8    18.2    91.5    27.7    62.1   0.048   0.092   0.074 -99.000   0.063    17.9    17.0    16.4    15.3    15.5
04136 20250624  2.622 -117.53   47.42    28.9     5.6    17.2    18.9     0.0    21.69 C    53.0     2.3    23.5    88.4    17.2    48.8   0.054   0.090   0.073 -99.000   0.051    18.9    17.4    16.5    15.4    15.5
04136 20250625  2.622 -117.53   47.42    27.3    10.5    18.9    20.4     0.0    23.42 C    51.3     8.6    26.0    69.4    23.2    41.5   0.041   0.089   0.072 -99.000   0.052    21.0    18.8    17.6    15.8    15.8
04136 20250626  2.622 -117.53   47.42    25.5    10.7    18.1    18.7     0.0    22.25 C    48.6     9.6    24.7    71.7    27.0    45.2   0.036   0.089   0.072 -99.000   0.051    21.2    19.2    18.1    16.4    16.2
04136 20250627  2.622 -117.53   47.42    24.0     8.0    16.0    17.2     0.0    17.94 C    47.6     5.5    20.7    73.0    30.8    49.4   0.034   0.087   0.071   0.049   0.050    20.3    19.0    18.1    16.8    16.4
04136 20250628  2.622 -117.53   47.42    25.5     5.9    15.7    16.9     0.0    22.85 C    52.3     4.2    21.9    78.0    25.1    49.1   0.033   0.086   0.071 -99.000   0.055    20.1    18.7    17.8    16.6    16.5
04136 20250629  2.622 -117.53   47.42    29.3     3.3    16.3    18.1     0.0    26.70 C    55.7     2.2    24.7    81.5    18.3    45.9   0.034   0.085   0.069 -99.000   0.057    21.0    19.1    18.0    16.4    16.5
04136 20250630  2.622 -117.53   47.42    33.5     4.1    18.8    20.8     0.0    26.20 C    58.7     2.3    27.0    83.6    14.2    43.3   0.032   0.083   0.069 -99.000   0.055    22.1    19.9    18.6    16.7    16.7
04136 20250701  2.622 -117.53   47.42    35.3     6.0    20.6    22.9     0.0    25.31 C    60.5     4.4    28.9    79.4    11.9    39.9   0.030   0.081   0.068 -99.000   0.053    23.3    20.7    19.3    16.9    17.1
04136 20250702  2.622 -117.53   47.42    32.6    12.6    22.6    24.2     0.0    23.69 C    56.0    11.1    29.9    68.9    12.4    34.4   0.029   0.080   0.068 -99.000   0.046    24.2    21.5    20.0    17.4    17.5
04136 20250703  2.622 -117.53   47.42    27.4     6.3    16.8    19.0     0.0    25.48 C    52.3     3.5    25.5    64.5    12.7    38.4   0.027   0.079   0.068 -99.000   0.048    23.6    21.4    20.2    17.8    17.9
04136 20250704  2.622 -117.53   47.42    22.8     2.3    12.5    15.7     0.0    11.98 C    40.1     1.3    19.0    75.6    30.5    46.6   0.029   0.077   0.066 -99.000   0.051    20.3    19.8    19.1    17.7    17.8
04136 20250705  2.622 -117.53   47.42    25.5     8.9    17.2    17.4     0.0    15.71 C    51.0     5.9    22.1    75.2    29.2    50.6   0.036   0.076   0.066 -99.000   0.050    21.0    19.6    18.7    17.3    17.4
04136 20250706  2.622 -117.53   47.42    29.2     5.1    17.2    18.5     0.0    24.36 C    53.3     3.3    24.7    84.0    16.9    44.9   0.035   0.075   0.066 -99.000   0.049    21.8    19.9    18.8    17.2    17.4
04136 20250707  2.622 -117.53   47.42    32.1     4.5    18.3    20.4     0.0    24.63 C    56.4     3.1    26.8    80.6    14.2    41.8   0.031   0.075   0.065 -99.000   0.049    22.9    20.7    19.3    17.3    17.5
04136 20250708  2.622 -117.53   47.42    35.3     5.7    20.5    23.3     0.0    24.56 C    58.8     4.7    29.0    77.5     8.3    35.3   0.032   0.074   0.065 -99.000   0.049    23.9    21.3    19.9    17.6    17.8
04136 20250709  2.622 -117.53   47.42    31.3    12.3    21.8    23.5     0.0    22.69 C    53.6     8.5    28.1    53.8    15.7    32.1   0.033   0.073   0.065 -99.000   0.048    24.2    21.7    20.4    18.0    18.1
04136 20250710  2.622 -117.53   47.42    28.3     9.3    18.8    20.2     0.0    21.71 C    54.9     7.0    25.9    72.3    21.8    47.4   0.030   0.071   0.065 -99.000   0.048    24.0    21.8    20.6    18.3    18.4
04136 20250711  2.622 -117.53   47.42    30.8     4.5    17.7    19.5     0.0    24.21 C    58.9     2.8    25.7    77.4    11.1    38.1   0.030   0.070   0.064 -99.000   0.046    23.3    21.4    20.2    18.4    18.4
04136 20250712  2.622 -117.53   47.42    33.4     6.3    19.9    22.0     0.0    23.92 C    57.4     5.5    28.4    69.9    18.6    39.0   0.029   0.069   0.064 -99.000   0.042    24.1    21.7    20.4    18.4    18.5
04136 20250713  2.622 -117.53   47.42    36.2     8.6    22.4    24.6     0.0    22.12 C    60.3     7.9    30.0    76.4    16.8    39.4   0.030   0.069   0.063 -99.000   0.043    25.2    22.5    21.0    18.7    18.7
04136 20250714  2.622 -117.53   47.42    32.8    10.5    21.7    24.3     0.0    22.82 C    56.8     8.6    29.5    70.3    18.1    37.7   0.028   0.068   0.063 -99.000   0.045    25.4    22.8    21.4    19.3    19.0
04136 20250715  2.622 -117.53   47.42    24.6    14.6    19.6    19.3     0.0    23.39 C    54.3    11.4    27.6    61.3    31.3    44.7   0.025   0.067   0.063 -99.000   0.046    24.9    22.8    21.5    19.6    19.2
04136 20250716  2.622 -117.53   47.42    29.2     7.9    18.5    19.5     0.0    24.33 C    54.2     5.4    26.1    69.6    18.7    41.6   0.024   0.065   0.062 -99.000   0.045    24.3    22.4    21.2    19.0    19.3
04136 20250717  2.622 -117.53   47.42    31.8     6.1    18.9    20.5     0.0    23.28 C    58.7     5.0    26.8    74.9    13.8    38.7   0.026   0.063   0.061 -99.000   0.041    24.3    22.2    21.0    19.1    19.2
04136 20250718  2.622 -117.53   47.42    32.2     5.5    18.8    22.0     0.0    21.51 C    57.0     5.5    28.1    74.3    13.3    36.5   0.020   0.063   0.060 -99.000   0.037    24.5    22.3    21.1    19.3    19.2
04136 20250719  2.622 -117.53   47.42    27.6    10.4    19.0    20.7     0.0    21.70 C    52.8     9.5    26.0    54.7    17.4    31.8   0.022   0.062   0.060 -99.000   0.038    24.7    22.6    21.4    19.2    19.4
04136 20250720  2.622 -117.53   47.42    26.2     4.6    15.4    18.7     0.0    18.86 C    48.4     2.7    23.9    65.5    19.0    35.6   0.023   0.060   0.059 -99.000   0.041    23.1    21.7    20.7    19.1    19.3
04136 20250721  2.622 -117.53   47.42    21.6    11.2    16.4    16.7     4.6     7.63 C    37.1    11.0    19.2    90.9    42.1    57.0   0.023   0.060   0.058 -99.000   0.043    21.4    20.8    20.2    19.0    19.1
04136 20250722  2.622 -117.53   47.42    25.1    10.9    18.0    16.9     1.0    12.03 C    37.0     8.4    19.0    91.5    37.4    72.6   0.022   0.058   0.057 -99.000   0.043    20.3    19.9    19.3    18.5    18.6
04136 20250723  2.622 -117.53   47.42    30.3     7.8    19.1    19.9     0.0    23.99 C    53.1     5.9    24.5    91.5    17.6    52.4   0.029   0.058   0.057 -99.000   0.042    21.2    20.0    19.2    18.2    18.3
04136 20250724  2.622 -117.53   47.42    32.0     6.9    19.5    20.8     0.0    23.42 C    53.3     5.8    25.3    81.0    16.2    43.8   0.033   0.060   0.057 -99.000   0.041    21.8    20.5    19.5    18.2    18.3
04136 20250725  2.622 -117.53   47.42    30.7    10.0    20.3    22.3     0.0    24.66 C    52.1     7.9    26.5    65.2    17.4    36.7   0.037   0.061   0.057 -99.000   0.042    22.6    21.0    20.0    18.4    18.5
04136 20250726  2.622 -117.53   47.42    29.8     6.1    17.9    19.2     0.0    24.46 C    54.3     4.4    24.4    73.7    16.8    39.4   0.039   0.062   0.057 -99.000   0.041    22.2    21.0    20.0    18.8    18.6
04136 20250727  2.622 -117.53   47.42    30.3     6.9    18.6    19.4     0.0    22.17 C    53.4     5.1    24.9    72.0    15.7    39.9   0.035   0.063   0.057 -99.000   0.042    22.3    21.0    20.0    18.6    18.6
04136 20250728  2.622 -117.53   47.42    32.6     6.7    19.7    20.6     0.0    23.25 C    56.2     5.7    26.6    69.9    13.0    37.2   0.035   0.064   0.057 -99.000   0.041    22.9    21.3    20.1    18.5    18.6
04136 20250729  2.622 -117.53   47.42    34.5     5.9    20.2    22.0     0.0    22.95 C    60.7     4.3    27.8    70.7     9.9    35.4   0.038   0.065   0.057 -99.000   0.042    23.5    21.7    20.5    18.9    18.8
04136 20250730  2.622 -117.53   47.42    37.0     9.1    23.0    24.8     0.0    21.72 C    60.4     8.6    30.9    63.8    12.3    34.3   0.040   0.065   0.057   0.034   0.042    24.7    22.4    21.0    19.5    19.0
04136 20250731  2.622 -117.53   47.42    34.0    10.3    22.2    24.4     0.0    20.12 C    58.1     9.3    30.0    73.2    19.9    39.5   0.032   0.066   0.057   0.034   0.042    25.4    23.0    21.7    19.9    19.4
04136 20250801  2.622 -117.53   47.42    24.5    13.8    19.1    20.1     0.0     5.40 C    31.8    12.3    21.2    84.3    38.3    60.6   0.026   0.064   0.056 -99.000   0.042    23.0    22.2    21.5    19.7    19.6
04136 20250802  2.622 -117.53   47.42    31.7     9.2    20.5    21.4     0.0    22.04 C    56.4     7.1    27.1    90.6    20.3    51.0   0.027   0.063   0.056   0.034   0.042    23.7    21.8    20.8    19.6    19.3
04136 20250803  2.622 -117.53   47.42    30.5     6.0    18.2    19.7     0.0    20.76 C    52.9     4.2    24.6    71.9    12.9    40.1   0.025   0.063   0.056 -99.000   0.042    23.0    21.7    20.8    19.5    19.3
04136 20250804  2.622 -117.53   47.42    26.8     5.0    15.9    16.6     0.0    17.29 C    46.8     3.6    20.5    73.0    21.2    45.2   0.023   0.061   0.054 -99.000   0.043    21.9    21.1    20.4    19.3    19.2
04136 20250805  2.622 -117.53   47.42    28.6     2.8    15.7    16.9     0.0    21.84 C    53.1     1.5    22.0    75.8    12.4    40.4   0.022   0.060   0.054 -99.000   0.041    21.7    20.6    19.8    19.0    18.9
04136 20250806  2.622 -117.53   47.42    24.6     5.6    15.1    17.1     0.2     9.94 C    47.3     4.1    20.6    83.3    33.5    50.1   0.022   0.059   0.054 -99.000   0.041    20.8    20.1    19.6    18.9    18.7
04136 20250807  2.622 -117.53   47.42    23.4     8.1    15.7    16.0     0.0    13.00 C    40.4     5.6    18.7    90.4    24.2    62.4   0.021   0.058   0.053 -99.000   0.040    20.5    19.9    19.3    18.5    18.5
04136 20250808  2.622 -117.53   47.42    27.2     4.5    15.9    17.0     0.0    21.71 C    51.1     1.7    21.9    87.0    24.0    48.2   0.021   0.056   0.053 -99.000   0.041    20.5    19.5    18.8    18.1    18.3
04136 20250809  2.622 -117.53   47.42    30.3    10.5    20.4    20.3     0.0    22.22 C    53.5     7.1    26.0    63.0    17.4    35.8   0.022   0.057   0.053 -99.000   0.041    22.5    20.6    19.5    18.1    18.3
04136 20250810  2.622 -117.53   47.42    34.8     7.1    20.9    23.0     0.0    22.04 C    58.8     6.5    28.8    61.7    19.8    37.3   0.022   0.059   0.053 -99.000   0.041    23.6    21.3    20.2    18.7    18.5
04136 20250811  2.622 -117.53   47.42    35.3     9.7    22.5    23.9     0.0    22.12 C    58.3     8.7    29.2    74.7    15.9    40.7   0.022   0.059   0.053 -99.000   0.040    24.9    22.3    21.0    19.3    18.9
04136 20250812  2.622 -117.53   47.42    35.7     7.5    21.6    23.0     0.0    21.89 C    58.6     6.0    28.1    72.1    13.6    36.6   0.021   0.059   0.053 -99.000   0.040    24.8    22.5    21.3    19.6    19.3
04136 20250813  2.622 -117.53   47.42    33.2    10.4    21.8    23.8     0.0    19.55 C    52.0     8.2    27.1    60.6    12.6    33.5   0.020   0.058   0.053 -99.000   0.040    24.4    22.4    21.4    19.7    19.5
04136 20250814  2.622 -117.53   47.42    28.5     8.8    18.6    19.9     0.0    18.89 C    51.6     6.1    24.4    70.2    24.2    41.9   0.019   0.056   0.053   0.031   0.041    23.9    22.2    21.2    19.9    19.5
04136 20250815  2.622 -117.53   47.42    26.8    10.6    18.7    20.6     0.0     9.88 C    51.4     6.8    22.9    61.2    34.6    46.7   0.018   0.054   0.051   0.030   0.040    22.2    21.3    20.6    19.8    19.4
04136 20250816  2.622 -117.53   47.42    24.5    12.5    18.5    19.1     1.8    10.48 C    36.0     8.4    19.9    87.2    45.1    67.5   0.020   0.054   0.051   0.030   0.040    22.0    21.1    20.5    19.5    19.3
04136 20250817  2.622 -117.53   47.42    26.4     7.2    16.8    16.7     0.0    16.80 C    47.5     4.7    19.8    90.2    29.4    58.7   0.019   0.052   0.050   0.031   0.040    20.2    19.9    19.4    19.1    18.9
04136 20250818  2.622 -117.53   47.42    30.0     3.5    16.7    18.4     0.0    19.67 C    53.5     2.0    24.3    83.2    18.9    47.8   0.021   0.053   0.050   0.031   0.039    21.2    20.1    19.3    18.8    18.6
04136 20250819  2.622 -117.53   47.42    30.0     6.2    18.1    18.9     0.0    21.43 C    52.1     4.6    24.1    77.7    21.8    44.3   0.021   0.054   0.050   0.030   0.039    22.2    20.7    19.8    18.9    18.6
04136 20250820  2.622 -117.53   47.42    28.6     4.6    16.6    18.1     0.0    20.22 C    52.9     3.6    22.2    73.0    21.5    44.1   0.020   0.054   0.050   0.030   0.039    21.8    20.6    19.9    19.0    18.7
04136 20250821  2.622 -117.53   47.42    30.5     2.7    16.6    17.9     0.0    21.44 C    54.4     1.2    22.9    76.6    13.1    39.8   0.019   0.054   0.050   0.030   0.039    21.7    20.5    19.7    18.9    18.7
04136 20250822  2.622 -117.53   47.42    33.2     3.0    18.1    19.6     0.0    20.71 C    56.6     1.6    24.6    65.6    12.9    35.5   0.018   0.053   0.050   0.030   0.038    22.6    20.5    19.7    18.9    18.6
04136 20250823  2.622 -117.53   47.42    35.2     5.6    20.4    21.1     0.0    19.75 C    57.7     3.3    25.6    71.7     8.9    35.1   0.018   0.053   0.050   0.029   0.038    23.4    21.0    20.0    19.1    18.7
04136 20250824  2.622 -117.53   47.42    36.2     5.5    20.9    21.5     0.0    19.01 C    57.8     3.5    26.1    62.8     9.1    32.8   0.017   0.053   0.049   0.030   0.039    23.7    21.2    20.3    19.2    18.8
04136 20250825  2.622 -117.53   47.42    36.2     6.7    21.5    22.0     0.0    16.18 C    56.2     6.1    25.6    61.5     8.2    31.8   0.017   0.053   0.050   0.030   0.038    23.6    21.3    20.5    19.4    19.0
04136 20250826  2.622 -117.53   47.42    33.8    11.8    22.8    23.0     0.0    11.11 C    54.7    11.6    26.1    51.9    12.8    32.6   0.017   0.051   0.049   0.030   0.038    23.3    21.3    20.5    19.4    19.0
04136 20250827  2.622 -117.53   47.42    29.2    13.7    21.4    22.3     0.0     7.44 C    44.6    11.5    23.4    74.5    27.6    44.5   0.018   0.051   0.049   0.030   0.037    23.0    21.3    20.6    19.5    19.1
04136 20250828  2.622 -117.53   47.42    27.8     9.4    18.6    19.5     0.0     9.07 C    45.4     7.4    21.3    80.4    31.8    60.6   0.017   0.051   0.048   0.030   0.037    22.1    20.8    20.3    19.3    19.0
04136 20250829  2.622 -117.53   47.42    31.7     6.2    19.0    20.0     0.0    17.79 C    53.6     5.4    24.2    83.0    18.7    48.8   0.018   0.050   0.048   0.029   0.038    22.2    20.5    19.8    19.1    18.8
04136 20250830  2.622 -117.53   47.42    33.7     6.0    19.9    20.2     0.0    17.50 C    52.1     4.4    24.1    78.7    15.0    43.5   0.017   0.051   0.047   0.029   0.037    22.7    20.8    20.0    19.2    18.8
04136 20250831  2.622 -117.53   47.42    36.5     9.3    22.9    24.2     0.0    14.76 C    57.5     7.8    26.8    62.9     9.8    31.9   0.017   0.051   0.047   0.029   0.037    23.5    21.2    20.3    19.3    18.9
04136 20250901  2.622 -117.53   47.42    37.3    11.7    24.5    25.8     0.0    15.76 C    55.9     8.7    28.5    63.9     9.8    29.0   0.018   0.051   0.048   0.028   0.037    24.4    21.7    20.7    19.5    19.1
04136 20250902  2.622 -117.53   47.42    37.7    11.1    24.4    25.0     0.0    16.94 C    56.2     9.3    27.9    60.2    10.5    30.2   0.017   0.051   0.048 -99.000   0.037    25.0    22.3    21.3    19.7    19.4
04136 20250903  2.622 -117.53   47.42    37.9     8.0    22.9    22.5     0.0    16.53 C    56.3     6.2    25.9    65.6     9.4    36.0   0.016   0.049   0.047 -99.000   0.037    24.2    22.0    21.2    19.3    19.5
04136 20250904  2.622 -117.53   47.42    35.0     7.8    21.4    21.2     0.0    15.40 C    51.2     6.4    24.5    66.7    14.8    40.1   0.016   0.049   0.047 -99.000   0.037    23.6    21.6    20.9    19.3    19.5
04136 20250905  2.622 -117.53   47.42    31.1     9.0    20.0    20.4     0.0    12.80 C    47.9     7.4    22.7    69.3    22.1    43.9   0.015   0.048   0.046 -99.000   0.037    22.9    21.3    20.7    19.2    19.4
04136 20250906  2.622 -117.53   47.42    31.9     6.1    19.0    19.7     0.0    11.16 C    45.0     4.9    22.2    77.4    17.5    47.3   0.015   0.046   0.046 -99.000   0.036    21.5    20.6    20.2    19.0    19.3
04136 20250907  2.622 -117.53   47.42    30.7     7.5    19.1    20.4     0.0    15.65 C    48.7     6.1    23.8    73.7    22.4    44.4   0.016   0.046   0.046 -99.000   0.037    22.3    20.8    20.2    19.0    19.1
04136 20250908  2.622 -117.53   47.42    29.1     8.5    18.8    19.9     0.0    15.85 C    49.8     6.0    23.2    72.6    21.4    41.5   0.016   0.046   0.045 -99.000   0.037    22.0    20.8    20.2    19.0    19.1
04136 20250909  2.622 -117.53   47.42    28.9     8.9    18.9    19.7     0.0    15.43 C    52.6     6.6    23.1    74.4    22.3    44.6   0.015   0.046   0.045 -99.000   0.036    21.9    20.7    20.1    19.0    19.0
04136 20250910  2.622 -117.53   47.42    29.5     5.2    17.3    17.9     0.0    14.91 C    46.2     3.8    21.5    77.1    22.3    48.3   0.015   0.045   0.045 -99.000   0.035    21.0    20.2    19.8    19.0    18.9
04136 20250911  2.622 -117.53   47.42    28.9     8.6    18.8    20.4     0.0    15.88 C    48.1     6.7    24.4    80.3    26.3    49.8   0.016   0.045   0.045 -99.000   0.036    21.9    20.4    19.9    19.0    18.8
04136 20250912  2.622 -117.53   47.42    25.3     8.3    16.8    17.6     3.4    14.71 C    37.8     6.5    19.8    89.2    36.3    65.6   0.016   0.045   0.045 -99.000   0.036    21.1    20.4    20.0    19.0    18.8
04136 20250913  2.622 -117.53   47.42    28.9     4.9    16.9    17.0     0.0    16.04 C    43.7     3.9    19.6    90.2    23.1    58.9   0.018   0.044   0.044 -99.000   0.036    19.0    19.0    18.9    18.6    18.6
04136 20250914  2.622 -117.53   47.42    19.5     8.8    14.1    14.3     3.1     5.58 C    28.5     6.6    14.8    88.6    47.1    71.8   0.021   0.045   0.043   0.028   0.035    17.5    18.2    18.3    18.4    18.3
04136 20250915  2.622 -117.53   47.42    18.4     7.2    12.8    12.5     1.2     6.94 C    29.1     3.5    13.4    87.7    47.6    71.9   0.022   0.044   0.043 -99.000   0.036    16.7    17.5    17.5    17.7    17.8
04136 20250916  2.622 -117.53   47.42    27.9     2.2    15.1    15.1     0.0    15.43 C    39.8     1.6    17.0    90.8    25.0    65.2   0.023   0.045   0.041 -99.000   0.035    16.2    16.7    16.8    17.1    17.3
04136 20250917  2.622 -117.53   47.42    30.8     5.1    17.9    17.3     0.0    15.82 C    45.5     3.5    19.2    89.3    19.0    57.1   0.027   0.046   0.042   0.026   0.034    17.2    17.1    17.1    17.1    17.1
04136 20250918  2.622 -117.53   47.42    30.1     3.5    16.8    16.7     0.0    15.82 C    44.8     2.2    18.7    86.9    19.2    54.0   0.030   0.048   0.042 -99.000   0.035    17.3    17.1    17.2    16.8    17.0
04136 20250919  2.622 -117.53   47.42    30.7     4.2    17.4    17.1     0.0    15.83 C    46.0     3.0    19.1    81.3    19.4    51.0   0.032   0.048   0.042 -99.000   0.035    17.5    17.2    17.2    17.0    17.0
04136 20250920  2.622 -117.53   47.42    29.6     2.4    16.0    16.0     0.0    16.46 C    46.0     0.4    17.8    85.0    20.6    52.1   0.035   0.049   0.042 -99.000   0.035    17.2    17.1    17.2    16.9    16.9
04136 20250921  2.622 -117.53   47.42    18.8     4.6    11.7    14.0     0.4     6.60 C    26.2     1.3    13.2    89.6    35.5    61.7   0.035   0.049   0.041 -99.000   0.035    15.7    16.4    16.7    16.6    16.8
04136 20250922  2.622 -117.53   47.42    21.1    -1.8     9.7     9.4     0.0    16.21 C    33.5    -4.1    11.7    90.4    29.3    63.0   0.033   0.048   0.042   0.026   0.035    14.2    15.2    15.7    16.3    16.3
04136 20250923  2.622 -117.53   47.42 -9999.0 -9999.0 -9999.0 -9999.0     0.0 -9999.00 U -9999.0 -9999.0 -9999.0 -9999.0 -9999.0 -9999.0 -99.000 -99.000 -99.000 -99.000 -99.000 -9999.0 -9999.0 -9999.0 -9999.0 -9999.0
04136 20250924  2.622 -117.53   47.42    29.4     0.3    14.8    14.2     0.0    16.13 C    44.0    -2.3    15.7    82.4    12.6    44.6   0.036   0.049   0.042 -99.000   0.034    15.0    15.2    15.3    15.4    15.8
04136 20250925  2.622 -117.53   47.42    27.1     0.1    13.6    15.7     0.0    15.46 C    42.2    -1.8    16.8    71.7    13.7    34.6   0.036   0.049   0.043 -99.000   0.034    15.3    15.3    15.5    15.6    15.7
04136 20250926  2.622 -117.53   47.42    20.1    -1.7     9.2    10.3     0.0    15.55 C    38.2    -5.7    11.7    69.2    20.5    41.4   0.032   0.050   0.042   0.026   0.035    14.5    15.0    15.4    15.7    15.7
04136 20250927  2.622 -117.53   47.42    26.2    -0.5    12.8    13.1     0.0    13.45 C    40.4    -2.2    16.0    68.5    14.9    39.8   0.031   0.049   0.041 -99.000   0.034    14.4    14.6    14.9    15.3    15.4
04136 20250928  2.622 -117.53   47.42    29.3     2.3    15.8    15.5     0.0    14.80 C    45.0     0.4    17.1    71.5    13.8    39.9   0.031   0.051   0.042   0.026   0.034    15.8    15.4    15.5    15.4    15.4
04136 20250929  2.622 -117.53   47.42    23.0     4.7    13.8    14.5     0.0     6.59 C    37.7     2.8    15.3    60.7    22.6    41.6   0.030   0.051   0.042   0.025   0.034    15.1    15.2    15.4    15.5    15.4
04136 20250930  2.622 -117.53   47.42    20.7     8.3    14.5    13.7     0.4    12.55 C    39.2     5.3    15.9    81.3    27.0    57.5   0.030   0.051   0.042   0.026   0.033    15.9    15.5    15.6    15.4    15.4
04136 20251001  2.622 -117.53   47.42    19.3     4.7    12.0    13.1     2.0     7.96 C    30.6     2.1    14.0    90.1    34.8    61.6   0.029   0.051   0.042   0.026   0.033    15.2    15.2    15.3    15.4    15.4
04136 20251002  2.622 -117.53   47.42    16.9     1.5     9.2     9.7     0.0     7.96 C    27.9     0.5    10.5    90.7    47.4    75.0   0.028   0.051   0.042   0.026   0.034    13.7    14.5    14.8    15.2    15.2
04136 20251003  2.622 -117.53   47.42    19.5    -0.8     9.3     9.6     0.0    14.12 C    36.3    -2.6    11.6    90.4    30.2    63.3   0.027   0.050   0.041   0.024   0.034    12.5    13.5    14.0    14.8    14.8
04136 20251004  2.622 -117.53   47.42    19.4     0.3     9.8    10.6     0.0    12.21 C    35.7    -3.0    11.8    87.4    26.8    56.5   0.027   0.049   0.041   0.024   0.032    12.7    13.4    13.8    14.5    14.5
04136 20251005  2.622 -117.53   47.42    17.2    -5.3     5.9     6.3     0.0    13.52 C    36.6    -7.0     7.6    81.6    27.6    54.8   0.027   0.048   0.041   0.025   0.033    11.0    12.5    13.2    14.2    14.3
04136 20251006  2.622 -117.53   47.42    18.5    -6.8     5.9     5.3     0.0    13.98 C    35.1    -9.8     7.3    79.5    21.2    51.7   0.026   0.047   0.040   0.026   0.032     9.8    11.4    12.3    13.6    13.8
04136 20251007  2.622 -117.53   47.42    22.4    -4.8     8.8     8.3     0.0    13.76 C    37.0    -6.8     9.4    70.4    19.0    47.1   0.027   0.047   0.040 -99.000   0.033    10.3    11.4    12.1    13.1    13.4
04136 20251008  2.622 -117.53   47.42    24.4    -3.9    10.2    10.8     0.0    13.52 C    38.2    -6.1    11.5    75.8    17.6    43.4   0.027   0.048   0.039 -99.000   0.032    11.1    11.7    12.2    12.7    13.3
04136 20251009  2.622 -117.53   47.42    27.6     3.9    15.8    15.8     0.0    13.15 C    42.3     0.5    16.0    64.8    16.7    38.3   0.027   0.049   0.041 -99.000   0.031    13.2    12.8    13.1    12.8    13.4
04136 20251010  2.622 -117.53   47.42    22.0     3.0    12.5    12.8     0.0     9.89 C    38.4    -0.3    12.7    67.5    28.6    47.2   0.027   0.050   0.041 -99.000   0.032    13.1    13.0    13.4    13.1    13.5
04136 20251011  2.622 -117.53   47.42    10.0     6.7     8.4     8.0     5.4     1.89 C    11.3     5.2     8.1    88.9    57.4    81.0   0.025   0.048   0.041 -99.000   0.032    11.6    12.4    13.0    13.1    13.5
04136 20251012  2.622 -117.53   47.42     7.0     4.0     5.5     5.7     6.7     1.70 C     8.5     4.1     6.1    86.7    78.4    84.3   0.028   0.046   0.040 -99.000   0.033     9.8    11.3    12.0    12.8    13.2
04136 20251013  2.622 -117.53   47.42     7.9     1.3     4.6     4.4     0.9     6.25 C    13.2    -2.4     4.0    85.5    48.7    64.3   0.093   0.046   0.039 -99.000   0.032     7.9    10.0    10.9    12.2    12.6
04136 20251014  2.622 -117.53   47.42    12.5    -4.7     3.9     3.7     0.0    12.52 C    24.8    -6.2     4.4    84.5    38.3    61.4   0.104   0.045   0.038 -99.000   0.031     6.6     8.8     9.8    11.5    12.0
04136 20251015  2.622 -117.53   47.42    14.3    -7.1     3.6     2.8     0.0    12.43 C    26.8    -7.6     3.9    85.3    34.0    66.9   0.102   0.046   0.037 -99.000   0.031     5.9     8.0     9.1    11.0    11.5
04136 20251016  2.622 -117.53   47.42    14.4    -7.5     3.5     4.3     0.0    11.28 C    25.6    -8.4     5.2    85.3    33.9    63.1   0.099   0.047   0.037 -99.000   0.030     5.9     7.6     8.7    10.5    11.0
04136 20251017  2.622 -117.53   47.42    17.6    -5.0     6.3     7.9     0.0    10.27 C    26.4    -7.7     6.7    82.7    21.0    53.7   0.098   0.049   0.037   0.022   0.028     7.7     8.6     9.3    10.5    10.9
04136 20251018  2.622 -117.53   47.42 -9999.0 -9999.0 -9999.0 -9999.0 -9999.0 -9999.00 U -9999.0 -9999.0 -9999.0 -9999.0 -9999.0 -9999.0 -99.000 -99.000 -99.000 -99.000 -99.000 -9999.0 -9999.0 -9999.0 -9999.0 -9999.0
