Date,Station Id,Station Name,Precipitation Increment (in),Air Temperature Observed (degF),Air Temperature Average (degF),Air Temperature Maximum (degF),Air Temperature Minimum (degF),Soil Moisture Percent -2in (pct),Soil Moisture Percent -4in (pct),Soil Moisture Percent -8in (pct),Soil Moisture Percent -20in (pct),Soil Moisture Percent -40in (pct),Soil Temperature Observed -2in (degF),Soil Temperature Observed -4in (degF),Soil Temperature Observed -8in (degF),Soil Temperature Observed -20in (degF),Soil Temperature Observed -40in (degF),Relative Humidity (pct),Solar Radiation Average (watt/m2)
2025-09-25 13:00,2021,Lind #1,0.00,79.3,79.9,81.3,79.3,0.0,0.1,5.4,5.4,10.1,71,67,67,69,68,22.00,555.40
2025-09-25 14:00,2021,Lind #1,0.00,81.3,81.7,82.4,81.0,0.0,0.0,5.3,5.4,10.1,75,68,67,69,68,16.00,456.60
2025-09-25 15:00,2021,Lind #1,0.00,81.0,81.5,81.9,79.9,0.0,0.2,5.4,5.2,10.1,78,70,67,69,68,14.00,311.70
2025-09-25 16:00,2021,Lind #1,0.00,79.9,78.6,79.9,74.3,0.0,0.2,5.4,5.4,10.1,80,71,68,69,68,9.00,112.40
2025-09-25 17:00,2021,Lind #1,0.00,74.3,72.0,74.3,66.2,0.0,0.2,5.4,5.4,10.1,80,72,68,69,68,15.00,15.42
2025-09-25 18:00,2021,Lind #1,0.00,66.2,66.2,67.6,65.3,0.0,0.4,5.5,5.2,9.9,79,73,68,69,68,24.00,0.03
2025-09-25 19:00,2021,Lind #1,0.00,65.7,64.6,65.7,64.0,0.0,0.4,5.6,5.2,10.1,78,73,69,69,68,25.00,0.00
2025-09-25 20:00,2021,Lind #1,0.00,64.6,64.2,64.8,62.6,0.0,0.3,5.7,5.4,10.1,76,73,69,69,68,23.00,0.01
2025-09-25 21:00,2021,Lind #1,0.00,62.6,60.4,62.6,58.6,0.0,0.4,5.5,5.4,10.1,74,73,69,69,68,27.00,0.00
2025-09-25 22:00,2021,Lind #1,0.00,58.6,56.1,58.6,54.3,0.0,0.4,5.4,5.2,9.9,73,72,69,69,68,32.00,0.00
2025-09-25 23:00,2021,Lind #1,0.00,54.9,54.3,54.9,52.7,0.0,0.1,5.6,5.4,9.9,72,72,69,69,68,36.00,0.01
2025-09-26 00:00,2021,Lind #1,0.00,52.7,51.8,52.7,48.0,0.0,0.2,5.6,5.2,9.9,70,71,69,69,68,37.00,0.00
2025-09-26 01:00,2021,Lind #1,0.00,48.0,47.3,48.0,45.3,0.0,0.3,5.6,5.2,10.1,69,70,69,69,68,46.00,0.00
2025-09-26 02:00,2021,Lind #1,0.00,45.3,45.1,45.7,43.7,0.0,0.2,5.6,5.4,9.9,67,69,69,69,68,53.00,0.00
2025-09-26 03:00,2021,Lind #1,0.00,45.5,44.4,45.5,43.9,1.7,0.1,5.4,5.4,10.1,66,69,69,69,68,63.00,0.00
2025-09-26 04:00,2021,Lind #1,0.00,43.9,44.2,44.6,43.9,1.4,0.1,5.5,5.4,10.1,64,68,69,69,68,67.00,0.00
2025-09-26 05:00,2021,Lind #1,0.00,43.9,43.9,44.6,42.4,1.0,0.1,5.5,5.4,9.9,63,67,69,69,68,69.00,2.91
2025-09-26 06:00,2021,Lind #1,0.00,43.5,44.4,47.1,43.5,0.6,0.2,5.4,5.4,10.1,62,66,69,69,68,74.00,67.86
2025-09-26 07:00,2021,Lind #1,0.00,47.1,49.3,52.3,47.1,0.1,0.1,5.4,5.4,10.1,60,65,68,69,68,69.00,198.60
2025-09-26 08:00,2021,Lind #1,0.00,52.3,54.9,58.5,52.3,0.0,0.0,5.5,5.3,10.1,60,64,68,69,68,57.00,342.70
2025-09-26 09:00,2021,Lind #1,0.00,58.5,60.8,63.5,58.5,0.0,0.0,5.4,5.2,10.0,59,64,68,69,68,44.00,489.50
2025-09-26 10:00,2021,Lind #1,0.00,63.5,64.0,65.8,63.5,0.0,0.0,5.3,5.2,9.9,60,63,68,69,68,35.00,576.80
2025-09-26 11:00,2021,Lind #1,0.00,65.8,65.8,67.8,65.1,0.0,0.0,5.4,5.4,10.3,62,64,67,68,68,30.00,622.70
2025-09-26 12:00,2021,Lind #1,0.00,67.8,67.8,68.4,67.3,0.1,0.0,5.4,5.4,10.0,64,64,67,68,68,28.00,607.90
2025-09-26 13:00,2021,Lind #1,0.00,67.8,68.5,68.9,67.8,0.8,0.0,5.4,5.4,10.3,67,65,67,68,68,26.00,537.80
2025-09-26 14:00,2021,Lind #1,0.00,68.7,69.1,69.6,68.7,0.0,0.0,5.3,5.3,10.2,71,66,67,68,68,25.00,420.20
2025-09-26 15:00,2021,Lind #1,0.00,69.4,69.1,69.4,68.0,0.0,0.0,5.3,5.4,10.1,74,67,67,68,68,23.00,266.50
2025-09-26 16:00,2021,Lind #1,0.00,68.0,67.5,68.0,65.7,0.0,0.1,5.5,5.2,10.1,75,69,67,68,68,26.00,117.60
2025-09-26 17:00,2021,Lind #1,0.00,65.7,63.7,65.7,61.0,0.0,0.2,5.4,5.3,9.9,75,70,67,68,68,28.00,17.33
2025-09-26 18:00,2021,Lind #1,0.00,61.0,59.7,61.0,57.9,0.0,0.2,5.2,5.4,10.1,75,70,67,68,68,32.00,0.04
2025-09-26 19:00,2021,Lind #1,0.00,57.9,57.2,59.2,55.2,0.0,0.2,5.3,5.3,10.1,73,70,68,68,68,35.00,0.00
2025-09-26 20:00,2021,Lind #1,0.00,56.7,54.3,56.7,53.4,0.0,0.4,5.5,5.3,10.0,72,70,68,68,68,36.00,0.00
2025-09-26 21:00,2021,Lind #1,0.00,54.7,54.3,55.0,54.0,0.0,0.3,5.4,5.3,10.0,70,70,68,68,68,39.00,0.00
2025-09-26 22:00,2021,Lind #1,0.00,55.0,54.3,55.0,52.3,1.7,0.1,5.3,5.3,10.0,68,69,68,68,68,38.00,0.00
2025-09-26 23:00,2021,Lind #1,0.00,52.3,52.5,52.9,52.3,1.4,0.1,5.5,5.3,10.0,67,68,68,68,68,42.00,0.00
2025-09-27 00:00,2021,Lind #1,0.00,52.5,51.8,52.5,51.1,1.2,0.1,5.3,5.3,10.2,66,68,68,68,68,41.00,0.00
2025-09-27 01:00,2021,Lind #1,0.00,51.3,50.7,51.4,50.0,1.0,0.0,5.4,5.3,9.9,64,67,68,68,68,42.00,0.00
2025-09-27 02:00,2021,Lind #1,0.00,50.0,49.5,50.0,49.1,0.7,0.0,5.4,5.3,10.1,63,66,68,68,68,44.00,0.00
2025-09-27 03:00,2021,Lind #1,0.00,49.6,50.0,50.5,49.6,0.4,0.0,5.5,5.3,9.9,62,66,68,68,68,44.00,0.00
2025-09-27 04:00,2021,Lind #1,0.00,50.5,51.1,51.6,50.5,0.1,0.1,5.3,5.3,10.1,62,65,67,68,68,43.00,0.00
2025-09-27 05:00,2021,Lind #1,0.00,51.6,52.0,52.7,51.4,0.0,0.0,5.4,5.3,9.9,61,64,67,68,68,41.00,2.30
2025-09-27 06:00,2021,Lind #1,0.00,52.2,53.4,54.0,52.2,0.0,0.0,5.3,5.3,9.8,61,64,67,68,68,41.00,38.98
2025-09-27 07:00,2021,Lind #1,0.00,53.8,55.4,59.2,53.8,0.0,0.0,5.4,5.4,10.2,60,64,67,68,68,39.00,186.90
2025-09-27 08:00,2021,Lind #1,0.00,59.2,61.9,65.1,59.2,0.0,0.0,5.3,5.4,10.0,60,63,67,68,68,33.00,363.90
2025-09-27 09:00,2021,Lind #1,0.00,65.1,67.6,72.0,65.1,0.0,0.0,5.2,5.1,10.1,60,63,67,68,68,27.00,498.40
2025-09-27 10:00,2021,Lind #1,0.00,72.0,74.1,75.9,72.0,0.0,0.0,5.4,5.3,10.2,61,63,66,68,68,20.00,579.20
2025-09-27 11:00,2021,Lind #1,0.00,75.6,76.8,77.7,75.6,0.0,0.0,5.3,5.4,10.1,63,63,66,68,68,17.00,607.40
2025-09-27 12:00,2021,Lind #1,0.00,77.0,77.9,79.9,77.0,0.3,0.0,5.3,5.4,10.1,65,64,66,68,68,16.00,591.30
2025-09-27 13:00,2021,Lind #1,0.00,79.9,80.1,81.0,79.0,1.1,0.1,5.3,5.4,10.0,69,65,66,68,68,16.00,536.20
2025-09-27 14:00,2021,Lind #1,0.00,81.0,81.1,81.3,81.0,0.0,0.2,5.3,5.4,10.0,73,66,66,68,68,16.00,432.20
2025-09-27 15:00,2021,Lind #1,0.00,81.3,81.5,81.5,80.8,0.0,0.1,5.3,5.4,10.0,76,68,66,68,68,17.00,291.60
2025-09-27 16:00,2021,Lind #1,0.00,80.8,80.6,81.5,77.9,0.0,0.1,5.2,5.1,9.9,78,69,66,68,68,18.00,125.50
2025-09-27 17:00,2021,Lind #1,0.00,77.9,75.0,77.9,69.8,0.0,0.1,5.3,5.4,9.9,78,71,67,68,68,19.00,10.17
2025-09-27 18:00,2021,Lind #1,0.00,69.8,68.7,69.8,67.3,0.0,0.2,5.4,5.4,10.0,78,71,67,68,68,23.00,0.02
2025-09-27 19:00,2021,Lind #1,0.00,68.4,67.6,68.9,65.1,0.0,0.1,5.3,5.4,10.2,76,72,67,68,68,24.00,0.00
2025-09-27 20:00,2021,Lind #1,0.00,67.3,67.3,68.0,63.3,0.0,0.2,5.4,5.4,10.0,75,72,68,68,68,26.00,0.00
2025-09-27 21:00,2021,Lind #1,0.00,63.3,63.5,64.4,60.3,0.0,0.3,5.3,5.4,10.0,74,71,68,68,68,28.00,0.00
2025-09-27 22:00,2021,Lind #1,0.00,60.3,60.6,62.6,60.1,0.0,0.2,5.5,5.4,9.9,72,71,68,68,68,33.00,0.00
2025-09-27 23:00,2021,Lind #1,0.00,62.6,60.8,62.6,57.2,0.0,0.2,5.4,5.4,9.9,71,71,68,68,68,33.00,0.00
2025-09-28 00:00,2021,Lind #1,0.00,57.2,56.1,57.2,55.4,0.0,0.0,5.4,5.3,10.0,70,70,68,68,68,39.00,0.00
2025-09-28 01:00,2021,Lind #1,0.00,55.4,56.1,57.9,54.7,0.0,0.1,5.3,5.3,10.0,69,69,68,68,68,44.00,0.00
2025-09-28 02:00,2021,Lind #1,0.00,57.9,57.4,58.1,56.5,1.7,0.1,5.3,5.3,10.0,68,69,68,68,68,41.00,0.00
2025-09-28 03:00,2021,Lind #1,0.00,56.5,56.7,56.8,55.8,1.4,0.1,5.3,5.3,9.9,67,68,68,68,68,44.00,0.00
2025-09-28 04:00,2021,Lind #1,0.00,55.8,55.4,55.9,54.1,1.2,0.0,5.3,5.3,10.0,66,68,68,68,68,45.00,0.00
2025-09-28 05:00,2021,Lind #1,0.00,54.1,53.1,54.1,52.3,1.0,0.2,5.5,5.1,9.9,65,67,68,68,68,48.00,2.13
2025-09-28 06:00,2021,Lind #1,0.00,53.2,52.9,55.6,51.6,0.8,0.1,5.3,5.1,10.2,64,66,68,68,68,50.00,59.55
2025-09-28 07:00,2021,Lind #1,0.00,55.6,57.9,61.9,55.6,0.6,0.1,5.3,5.4,10.0,63,66,68,68,68,47.00,197.90
2025-09-28 08:00,2021,Lind #1,0.00,61.9,64.4,67.8,61.9,0.3,0.0,5.2,5.4,10.0,63,65,67,68,68,39.00,353.10
2025-09-28 09:00,2021,Lind #1,0.00,67.8,70.2,73.0,67.8,0.2,0.1,5.4,5.4,10.0,63,65,67,68,68,31.00,483.90
2025-09-28 10:00,2021,Lind #1,0.00,73.0,74.1,75.6,73.0,0.2,0.0,5.3,5.4,10.0,64,65,67,68,68,25.00,569.20
2025-09-28 11:00,2021,Lind #1,0.00,75.6,77.4,79.2,75.6,0.4,0.0,5.3,5.4,10.1,65,65,67,68,68,23.00,606.30
2025-09-28 12:00,2021,Lind #1,0.00,79.2,79.7,81.9,79.2,0.9,0.1,5.4,5.4,10.2,67,66,67,68,68,21.00,593.00
2025-09-28 13:00,2021,Lind #1,0.00,81.9,81.3,81.9,80.8,0.0,0.0,5.4,5.2,10.2,71,67,67,68,68,19.00,540.70
2025-09-28 14:00,2021,Lind #1,0.00,81.7,82.0,83.5,81.1,0.0,0.1,5.5,5.2,10.0,75,68,67,68,68,18.00,428.70
2025-09-28 15:00,2021,Lind #1,0.00,81.3,81.5,81.9,81.3,0.0,0.0,5.4,5.2,10.2,78,69,67,68,68,18.00,284.30
2025-09-28 16:00,2021,Lind #1,0.00,81.5,80.6,81.5,78.8,0.0,0.3,5.3,5.2,10.2,79,71,67,68,68,18.00,132.40
2025-09-28 17:00,2021,Lind #1,0.00,78.8,76.6,78.8,74.7,0.0,0.2,5.4,5.2,10.0,80,72,67,68,68,20.00,12.36
2025-09-28 18:00,2021,Lind #1,0.00,75.2,72.0,75.2,70.2,0.0,0.3,5.4,5.2,10.0,79,73,68,68,68,23.00,0.01
2025-09-28 19:00,2021,Lind #1,0.00,70.2,68.0,70.2,65.3,0.0,0.4,5.3,5.5,10.0,78,73,68,68,68,27.00,0.00
2025-09-28 20:00,2021,Lind #1,0.00,65.3,64.2,65.5,62.8,0.0,0.2,5.4,5.4,10.1,76,73,68,68,68,33.00,0.00
2025-09-28 21:00,2021,Lind #1,0.00,63.7,61.9,63.7,59.2,0.0,0.4,5.4,5.4,10.0,74,72,69,68,68,36.00,0.00
2025-09-28 22:00,2021,Lind #1,0.00,63.1,59.5,63.1,57.7,0.0,0.2,5.5,5.4,9.9,72,72,69,68,68,35.00,0.00
2025-09-28 23:00,2021,Lind #1,0.00,61.2,60.3,61.2,59.0,0.0,0.2,5.5,5.4,10.0,71,71,69,68,68,38.00,0.00
2025-09-29 00:00,2021,Lind #1,0.00,61.0,61.2,62.8,59.9,0.0,0.1,5.4,5.4,10.0,70,70,69,68,68,38.00,0.00
2025-09-29 01:00,2021,Lind #1,0.00,62.8,61.2,63.5,58.1,0.0,0.1,5.4,5.4,10.0,68,70,69,68,68,34.00,0.00
2025-09-29 02:00,2021,Lind #1,0.00,59.0,59.2,59.4,58.8,1.6,0.1,5.5,5.4,10.0,67,69,69,68,68,40.00,0.00
2025-09-29 03:00,2021,Lind #1,0.00,58.8,58.5,59.0,56.8,1.4,0.1,5.5,5.4,10.0,67,68,69,68,67,40.00,0.00
2025-09-29 04:00,2021,Lind #1,0.00,56.8,57.2,57.4,56.3,1.2,0.1,5.3,5.1,10.0,66,68,69,68,67,42.00,0.00
2025-09-29 05:00,2021,Lind #1,0.00,56.3,56.3,56.8,55.8,1.0,0.1,5.4,5.3,9.9,65,67,68,68,67,42.00,0.70
2025-09-29 06:00,2021,Lind #1,0.00,56.7,56.1,56.7,55.8,0.9,0.1,5.5,5.4,9.9,65,67,68,68,67,44.00,25.40
2025-09-29 07:00,2021,Lind #1,0.00,56.5,58.5,61.5,56.5,0.7,0.0,5.3,5.4,10.0,64,66,68,68,67,44.00,115.20
2025-09-29 08:00,2021,Lind #1,0.00,61.5,63.3,65.5,61.5,0.6,0.1,5.4,5.4,10.0,64,66,68,68,67,39.00,176.20
2025-09-29 09:00,2021,Lind #1,0.00,65.5,66.7,68.4,65.5,0.5,0.1,5.3,5.4,10.0,64,66,68,68,67,35.00,189.80
2025-09-29 10:00,2021,Lind #1,0.00,68.4,70.3,74.3,68.4,0.5,0.1,5.4,5.4,10.0,65,66,67,68,67,32.00,400.90
2025-09-29 11:00,2021,Lind #1,0.00,74.3,75.7,78.3,74.3,0.6,0.0,5.4,5.2,10.1,65,66,67,68,67,25.00,477.30
2025-09-29 12:00,2021,Lind #1,0.00,78.3,78.3,78.6,78.1,0.8,0.0,5.3,5.1,10.0,67,66,67,68,67,22.00,396.40
2025-09-29 13:00,2021,Lind #1,0.00,78.4,77.4,78.4,75.7,1.4,0.0,5.3,5.2,10.0,70,67,67,68,67,23.00,177.50
2025-09-29 14:00,2021,Lind #1,0.00,75.7,74.7,75.7,73.6,0.0,0.1,5.3,5.2,10.1,72,67,67,68,67,26.00,170.30
2025-09-29 15:00,2021,Lind #1,0.00,75.4,75.7,75.9,75.4,0.0,0.1,5.4,5.2,9.9,73,68,67,68,67,28.00,179.10
2025-09-29 16:00,2021,Lind #1,0.00,75.4,74.1,75.4,72.3,0.0,0.1,5.4,5.2,10.0,74,69,67,68,67,28.00,48.50
2025-09-29 17:00,2021,Lind #1,0.00,72.3,71.8,73.2,69.6,0.0,0.2,5.3,5.2,9.9,74,70,67,68,67,32.00,9.60
2025-09-29 18:00,2021,Lind #1,0.00,69.6,68.7,69.8,65.1,0.0,0.2,5.5,5.2,9.9,74,70,68,68,67,34.00,0.00
2025-09-29 19:00,2021,Lind #1,0.00,65.1,64.6,65.3,63.3,0.0,0.4,5.3,5.2,10.1,73,70,68,68,67,51.00,0.00
2025-09-29 20:00,2021,Lind #1,0.00,63.3,62.8,63.3,61.7,0.0,0.0,5.2,5.5,10.0,72,70,68,68,67,54.00,0.00
2025-09-29 21:00,2021,Lind #1,0.00,62.2,62.1,62.2,60.4,0.0,0.0,5.4,5.5,10.0,71,70,68,68,67,53.00,0.00
2025-09-29 22:00,2021,Lind #1,0.00,60.4,60.3,60.6,58.8,0.0,0.2,5.3,5.5,10.1,71,70,68,68,67,60.00,0.00
2025-09-29 23:00,2021,Lind #1,0.00,58.8,57.7,58.8,56.3,1.7,0.1,5.3,5.4,10.1,70,70,68,68,67,67.00,0.00
2025-09-30 00:00,2021,Lind #1,0.00,56.3,56.3,56.7,55.6,1.6,0.1,5.3,5.2,10.1,69,69,68,68,67,75.00,0.01
2025-09-30 01:00,2021,Lind #1,0.00,55.6,54.7,55.6,53.2,1.4,0.1,5.3,5.4,10.0,68,69,68,68,67,82.00,0.00
2025-09-30 02:00,2021,Lind #1,0.00,53.2,52.9,53.2,52.5,1.3,0.1,5.3,5.4,10.0,68,68,68,68,67,85.00,0.00
2025-09-30 03:00,2021,Lind #1,0.00,52.5,52.0,52.5,51.4,1.1,0.0,5.3,5.4,10.1,67,68,68,68,67,83.00,0.00
2025-09-30 04:00,2021,Lind #1,0.00,52.2,50.7,52.2,49.6,1.0,0.1,5.4,5.4,10.0,66,68,68,68,67,82.00,0.00
2025-09-30 05:00,2021,Lind #1,0.00,49.8,49.6,50.4,49.3,0.8,0.1,5.4,5.3,10.1,65,67,68,68,67,85.00,0.98
2025-09-30 06:00,2021,Lind #1,0.00,50.4,50.9,51.4,50.4,0.6,0.1,5.2,5.3,10.0,64,67,68,68,67,86.00,62.33
2025-09-30 07:00,2021,Lind #1,0.00,51.3,51.3,55.9,50.4,0.4,0.0,5.3,5.3,10.1,63,66,68,68,67,83.00,141.90
2025-09-30 08:00,2021,Lind #1,0.00,55.9,57.0,59.7,55.9,0.1,0.0,5.4,5.4,10.0,63,66,68,68,67,72.00,368.60
2025-09-30 09:00,2021,Lind #1,0.00,59.7,61.3,63.5,59.7,0.0,0.0,5.3,5.2,10.0,62,65,67,68,67,58.00,499.80
2025-09-30 10:00,2021,Lind #1,0.00,63.5,64.6,67.6,63.5,0.0,0.0,5.4,5.2,10.1,63,65,67,68,67,46.00,586.80
2025-09-30 11:00,2021,Lind #1,0.00,67.6,67.5,68.5,66.7,0.0,0.0,5.3,5.2,9.9,63,65,67,68,67,40.00,623.00
2025-09-30 12:00,2021,Lind #1,0.00,68.4,68.0,70.3,67.5,0.2,0.0,5.4,5.2,10.0,65,65,67,68,67,38.00,551.40
2025-09-30 13:00,2021,Lind #1,0.00,70.3,69.6,71.4,68.7,0.9,0.1,5.4,5.2,10.1,68,66,67,68,67,35.00,544.40
2025-09-30 14:00,2021,Lind #1,0.00,71.4,71.1,71.4,70.5,1.7,0.1,5.4,5.2,10.1,71,67,67,68,67,30.00,435.90
2025-09-30 15:00,2021,Lind #1,0.00,70.5,70.5,71.4,69.1,0.0,0.1,5.2,5.2,10.1,74,68,67,68,67,29.00,203.20
2025-09-30 16:00,2021,Lind #1,0.00,69.1,68.9,69.4,67.8,0.0,0.0,5.4,5.2,10.1,75,69,67,68,67,32.00,92.60
2025-09-30 17:00,2021,Lind #1,0.00,67.8,66.2,67.8,64.8,0.0,0.2,5.3,5.2,10.1,75,70,67,68,67,34.00,11.46
2025-09-30 18:00,2021,Lind #1,0.00,64.8,63.9,64.8,62.4,0.0,0.1,5.3,5.2,10.0,74,70,67,68,67,42.00,0.01
2025-09-30 19:00,2021,Lind #1,0.00,62.4,62.6,65.3,61.9,0.0,0.0,5.5,5.2,10.1,73,70,67,68,67,44.00,0.00
2025-09-30 20:00,2021,Lind #1,0.00,65.3,63.7,65.3,61.7,0.0,0.0,5.4,5.2,10.0,72,70,68,68,67,40.00,0.00
2025-09-30 21:00,2021,Lind #1,0.00,61.7,61.0,61.7,58.8,0.0,0.1,5.4,5.2,10.0,71,70,68,68,67,44.00,0.00
2025-09-30 22:00,2021,Lind #1,0.00,58.8,57.7,58.8,53.8,1.7,0.2,5.4,5.2,9.9,70,70,68,68,67,48.00,0.00
2025-09-30 23:00,2021,Lind #1,0.00,53.8,54.0,54.3,53.6,1.5,0.0,5.4,5.2,9.9,69,69,68,68,67,58.00,0.00
2025-10-01 00:00,2021,Lind #1,0.00,54.3,53.8,54.3,53.2,1.3,0.0,5.4,5.2,10.1,68,69,68,68,67,59.00,0.00
2025-10-01 01:00,2021,Lind #1,0.00,53.8,53.6,54.7,52.2,1.0,0.1,5.2,5.2,10.1,67,68,68,68,67,60.00,0.00
2025-10-01 02:00,2021,Lind #1,0.00,53.8,53.2,53.8,52.3,0.9,0.1,5.3,5.5,10.1,66,68,68,68,67,61.00,0.00
2025-10-01 03:00,2021,Lind #1,0.00,52.3,51.1,52.3,49.6,0.7,0.0,5.4,5.5,10.1,65,67,68,68,67,64.00,0.00
2025-10-01 04:00,2021,Lind #1,0.00,51.1,50.5,51.8,50.2,0.4,0.0,5.4,5.4,9.9,64,66,68,68,67,68.00,0.00
2025-10-01 05:00,2021,Lind #1,0.00,51.8,53.1,55.0,51.8,0.2,0.2,5.5,5.5,10.0,63,66,68,68,67,67.00,0.72
2025-10-01 06:00,2021,Lind #1,0.00,55.0,55.0,55.4,54.3,0.0,0.0,5.3,5.4,10.0,62,65,67,68,67,63.00,32.75
2025-10-01 07:00,2021,Lind #1,0.00,54.3,55.4,57.4,54.3,0.0,0.0,5.4,5.2,10.0,61,65,67,67,67,66.00,97.00
2025-10-01 08:00,2021,Lind #1,0.00,57.4,58.1,59.2,57.4,0.0,0.0,5.4,5.2,10.0,61,64,67,67,67,61.00,102.00
2025-10-01 09:00,2021,Lind #1,0.00,59.2,59.9,60.8,59.2,0.0,0.0,5.3,5.2,10.2,61,64,67,67,67,58.00,95.80
2025-10-01 10:00,2021,Lind #1,0.00,60.8,61.7,63.3,60.8,0.0,0.0,5.3,5.2,9.9,62,64,67,67,67,53.00,191.60
2025-10-01 11:00,2021,Lind #1,0.00,63.3,63.7,64.8,63.3,0.0,0.0,5.1,5.2,9.9,63,64,66,67,67,45.00,221.40
2025-10-01 12:00,2021,Lind #1,0.00,64.8,65.1,66.0,64.8,0.0,0.0,5.2,5.3,10.0,63,64,66,67,67,44.00,312.50
2025-10-01 13:00,2021,Lind #1,0.00,66.0,66.2,66.7,66.0,0.0,0.0,5.3,5.3,10.0,64,64,66,67,67,42.00,279.70
2025-10-01 14:00,2021,Lind #1,0.00,66.7,66.4,66.7,66.0,0.1,0.0,5.3,5.3,9.9,66,65,66,67,67,40.00,194.50
2025-10-01 15:00,2021,Lind #1,0.00,66.4,66.4,66.4,65.8,0.4,0.0,5.2,5.3,10.0,67,65,66,67,67,40.00,128.40
2025-10-01 16:00,2021,Lind #1,0.00,65.8,63.1,65.8,57.2,0.6,0.1,5.2,5.3,10.1,68,66,66,67,67,41.00,18.38
2025-10-01 17:00,2021,Lind #1,0.01,57.2,55.9,57.2,54.7,0.6,0.1,5.3,5.3,10.0,69,66,66,67,67,77.00,3.22
2025-10-01 18:00,2021,Lind #1,0.04,54.7,54.5,54.7,53.8,0.7,0.1,5.2,5.3,10.0,68,67,66,67,67,86.00,0.00
2025-10-01 19:00,2021,Lind #1,0.10,53.8,54.3,54.7,53.6,0.6,0.0,5.3,5.3,10.0,68,67,66,67,67,93.00,0.00
2025-10-01 20:00,2021,Lind #1,0.00,53.6,53.2,53.6,52.2,0.4,0.0,5.1,5.3,10.0,67,67,66,67,67,93.00,0.00
2025-10-01 21:00,2021,Lind #1,0.00,52.2,51.3,52.2,50.0,0.3,0.1,5.1,5.3,10.1,66,66,67,67,67,95.00,0.00
2025-10-01 22:00,2021,Lind #1,0.00,50.9,50.7,50.9,50.4,0.1,0.1,5.3,5.3,9.9,65,66,67,67,67,96.00,0.00
2025-10-01 23:00,2021,Lind #1,0.00,50.4,51.3,53.1,50.4,0.0,0.0,5.3,5.3,10.0,64,66,67,67,67,94.00,0.00
2025-10-02 00:00,2021,Lind #1,0.00,52.9,52.7,53.1,51.6,0.0,0.0,5.1,5.3,9.9,63,65,66,67,67,91.00,0.00
2025-10-02 01:00,2021,Lind #1,0.00,51.6,52.3,52.9,51.6,0.0,0.0,5.1,5.3,10.0,62,65,66,67,67,94.00,0.00
2025-10-02 02:00,2021,Lind #1,0.00,52.3,51.6,52.3,50.2,0.0,0.0,5.2,5.2,10.1,61,64,66,67,67,92.00,0.00
2025-10-02 03:00,2021,Lind #1,0.00,50.2,49.6,50.2,49.1,0.0,0.0,5.3,5.3,10.1,61,64,66,67,67,95.00,0.00
2025-10-02 04:00,2021,Lind #1,0.00,49.1,48.9,49.5,48.4,0.0,0.0,5.4,5.2,10.1,60,63,66,67,67,95.00,0.00
2025-10-02 05:00,2021,Lind #1,0.00,49.1,48.6,49.1,47.8,0.0,0.0,5.2,5.2,9.9,59,63,66,67,67,95.00,0.72
2025-10-02 06:00,2021,Lind #1,0.00,48.7,49.3,49.8,48.7,0.0,0.0,5.3,5.2,9.9,59,62,66,67,67,92.00,33.29
2025-10-02 07:00,2021,Lind #1,0.00,49.3,50.2,51.6,49.3,0.0,0.0,5.1,5.2,10.0,58,62,65,67,67,95.00,97.40
2025-10-02 08:00,2021,Lind #1,0.00,51.6,52.0,53.6,51.6,0.0,0.0,5.3,5.2,9.8,58,61,65,67,67,93.00,120.50
2025-10-02 09:00,2021,Lind #1,0.00,53.6,55.4,57.6,53.6,0.0,0.0,5.2,5.4,10.1,58,61,65,67,67,88.00,351.00
2025-10-02 10:00,2021,Lind #1,0.00,57.6,59.0,60.3,57.6,0.0,0.0,5.2,5.2,10.1,58,61,65,67,67,72.00,438.90
2025-10-02 11:00,2021,Lind #1,0.00,60.3,61.3,64.2,60.3,0.0,0.0,5.1,5.2,10.0,60,61,65,67,67,60.00,499.40
2025-10-02 12:00,2021,Lind #1,0.00,64.2,63.3,64.2,62.2,0.0,0.0,5.1,5.2,9.9,62,61,65,67,67,48.00,391.20
2025-10-02 13:00,2021,Lind #1,0.00,63.1,63.3,63.9,63.0,0.0,0.0,5.3,5.2,10.0,64,62,64,66,67,50.00,324.10
2025-10-02 14:00,2021,Lind #1,0.00,63.0,63.0,63.1,62.6,0.0,0.0,5.1,5.2,10.1,66,63,64,66,67,49.00,194.10
2025-10-02 15:00,2021,Lind #1,0.00,62.6,62.6,62.6,62.1,0.1,0.0,5.1,5.3,10.1,67,64,64,66,67,49.00,117.00
2025-10-02 16:00,2021,Lind #1,0.00,62.1,61.9,62.2,61.7,0.2,0.0,5.3,5.3,10.0,67,65,65,66,67,49.00,89.20
2025-10-02 17:00,2021,Lind #1,0.00,62.2,60.3,62.2,56.7,0.1,0.0,5.2,5.3,10.0,67,65,65,66,67,51.00,26.94
2025-10-02 18:00,2021,Lind #1,0.00,56.7,55.4,56.7,53.4,0.1,0.1,5.1,5.3,9.9,66,65,65,66,67,65.00,0.01
2025-10-02 19:00,2021,Lind #1,0.00,55.8,53.8,55.8,50.2,0.0,0.2,5.2,5.3,10.0,65,65,65,66,67,62.00,0.00
2025-10-02 20:00,2021,Lind #1,0.00,50.2,50.9,52.7,47.5,0.0,0.1,5.2,5.2,10.0,64,65,65,66,67,74.00,0.00
2025-10-02 21:00,2021,Lind #1,0.00,47.5,48.7,49.6,47.5,0.0,0.0,5.2,5.2,10.0,63,65,65,66,67,80.00,0.00
2025-10-02 22:00,2021,Lind #1,0.00,48.7,48.2,49.6,45.7,0.0,0.0,5.2,5.2,10.0,61,64,65,66,67,75.00,0.00
2025-10-02 23:00,2021,Lind #1,0.00,48.2,46.0,48.2,43.5,0.0,0.0,5.2,5.2,10.0,60,63,65,66,67,73.00,0.00
2025-10-03 00:00,2021,Lind #1,0.00,43.5,43.7,44.1,43.5,0.0,0.0,5.2,5.2,10.0,59,63,65,66,67,85.00,0.00
2025-10-03 01:00,2021,Lind #1,0.00,44.1,45.1,45.9,44.1,0.0,0.0,5.2,5.2,10.0,58,62,65,66,67,81.00,0.00
2025-10-03 02:00,2021,Lind #1,0.00,45.3,44.1,45.3,42.3,0.0,0.0,5.3,5.2,10.1,56,61,65,66,67,78.00,0.00
2025-10-03 03:00,2021,Lind #1,0.00,43.3,43.5,45.7,42.3,0.0,0.0,5.1,5.2,9.9,56,60,65,66,67,81.00,0.00
2025-10-03 04:00,2021,Lind #1,0.00,42.3,41.5,42.3,40.1,0.0,0.0,5.2,5.2,9.9,55,60,64,66,67,83.00,0.00
2025-10-03 05:00,2021,Lind #1,0.00,41.9,43.0,44.1,41.9,0.0,0.0,5.1,5.2,10.0,54,59,64,66,67,83.00,0.64
2025-10-03 06:00,2021,Lind #1,0.00,42.8,42.8,43.3,42.6,0.0,0.0,5.1,5.2,10.2,53,58,64,66,67,80.00,45.39
2025-10-03 07:00,2021,Lind #1,0.00,43.3,44.8,47.1,43.3,0.0,0.0,5.0,5.2,10.0,52,58,64,66,67,83.00,196.60
2025-10-03 08:00,2021,Lind #1,0.00,47.1,50.4,55.2,47.1,0.0,0.0,5.0,5.2,10.0,51,57,63,66,67,76.00,338.40
2025-10-03 09:00,2021,Lind #1,0.00,55.2,56.5,58.8,55.2,0.0,0.0,4.9,5.2,10.0,52,57,63,66,67,64.00,479.10
2025-10-03 10:00,2021,Lind #1,0.00,58.8,60.1,61.9,58.8,0.0,0.0,5.2,5.3,10.1,53,57,63,65,67,57.00,567.20
2025-10-03 11:00,2021,Lind #1,0.00,61.9,62.2,62.8,61.9,0.0,0.0,5.0,5.2,9.9,54,57,63,65,67,50.00,606.60
2025-10-03 12:00,2021,Lind #1,0.00,62.8,64.2,65.7,62.8,0.0,0.0,5.1,5.2,9.9,57,58,62,65,67,48.00,592.90
2025-10-03 13:00,2021,Lind #1,0.00,65.3,66.0,67.3,65.3,0.0,0.0,4.9,5.2,10.1,62,59,62,65,67,39.00,529.40
2025-10-03 14:00,2021,Lind #1,0.00,66.4,66.9,67.5,66.4,0.0,0.1,4.9,5.3,10.2,65,60,62,65,67,32.00,418.60
2025-10-03 15:00,2021,Lind #1,0.00,66.7,66.7,67.3,65.7,0.1,0.0,4.9,5.3,9.9,69,62,62,65,67,36.00,269.60
2025-10-03 16:00,2021,Lind #1,0.00,65.7,64.9,65.7,62.6,0.5,0.1,4.9,5.3,10.0,70,63,62,65,67,38.00,118.00
2025-10-03 17:00,2021,Lind #1,0.00,62.6,59.5,62.6,55.9,0.6,0.0,5.1,5.3,10.1,70,64,63,65,67,46.00,11.92
2025-10-03 18:00,2021,Lind #1,0.00,55.9,55.9,56.1,55.4,0.5,0.1,5.0,5.1,10.0,68,65,63,65,67,63.00,0.00
2025-10-03 19:00,2021,Lind #1,0.00,55.4,55.0,55.4,53.6,0.2,0.0,5.1,5.1,10.0,67,65,63,65,67,66.00,0.00
2025-10-03 20:00,2021,Lind #1,0.00,53.6,53.2,54.3,52.3,0.0,0.0,5.0,5.1,10.0,65,65,64,65,67,69.00,0.00
2025-10-03 21:00,2021,Lind #1,0.00,52.9,52.0,52.9,51.4,0.0,0.1,5.2,5.1,9.9,63,64,64,65,67,71.00,0.00
2025-10-03 22:00,2021,Lind #1,0.00,52.3,52.9,53.4,52.3,0.0,0.1,5.0,5.1,9.9,62,63,64,65,67,67.00,0.00
2025-10-03 23:00,2021,Lind #1,0.00,52.3,51.8,52.3,51.3,0.0,0.0,5.0,5.1,10.0,61,63,64,65,67,64.00,0.00
2025-10-04 00:00,2021,Lind #1,0.00,51.3,51.4,51.8,50.9,0.0,0.1,5.0,5.1,10.0,60,62,64,65,67,68.00,0.00
2025-10-04 01:00,2021,Lind #1,0.00,50.9,50.7,50.9,49.1,0.0,0.1,5.2,5.1,10.0,59,62,64,65,67,69.00,0.00
2025-10-04 02:00,2021,Lind #1,0.00,49.1,47.8,49.1,46.2,0.0,0.0,5.2,5.1,10.0,58,61,64,65,67,76.00,0.00
2025-10-04 03:00,2021,Lind #1,0.00,46.2,46.0,46.4,45.7,0.0,0.1,5.0,5.1,9.9,58,61,64,65,67,82.00,0.00
2025-10-04 04:00,2021,Lind #1,0.00,46.0,45.9,46.4,44.8,0.0,0.0,5.1,5.1,10.0,57,60,63,65,67,78.00,0.00
2025-10-04 05:00,2021,Lind #1,0.00,44.8,44.4,45.1,41.0,0.0,0.0,5.1,5.1,10.0,56,60,63,65,67,79.00,0.59
2025-10-04 06:00,2021,Lind #1,0.00,41.0,41.2,42.6,41.0,0.0,0.0,5.0,5.1,10.0,55,59,63,65,67,86.00,46.33
2025-10-04 07:00,2021,Lind #1,0.00,42.6,45.7,48.0,42.6,0.0,0.0,5.0,5.1,10.1,54,58,63,65,67,83.00,194.80
2025-10-04 08:00,2021,Lind #1,0.00,47.5,50.5,53.8,47.5,0.0,0.0,5.2,5.1,10.0,53,58,63,65,67,78.00,340.50
2025-10-04 09:00,2021,Lind #1,0.00,53.8,56.5,60.4,53.8,0.0,0.0,5.1,5.1,10.1,53,57,62,65,67,65.00,478.40
2025-10-04 10:00,2021,Lind #1,0.00,60.4,62.2,63.9,60.4,0.0,0.0,5.0,5.2,9.8,54,57,62,65,67,52.00,566.40
2025-10-04 11:00,2021,Lind #1,0.00,63.7,64.6,66.4,63.7,0.0,0.0,5.0,5.0,9.9,55,57,62,65,67,38.00,607.60
2025-10-04 12:00,2021,Lind #1,0.00,66.4,66.7,68.7,66.4,0.0,0.0,4.9,5.1,10.1,58,58,62,65,67,32.00,592.60
2025-10-04 13:00,2021,Lind #1,0.00,68.7,67.5,68.7,66.0,0.0,0.0,4.9,5.1,10.1,63,59,62,64,67,28.00,376.00
2025-10-04 14:00,2021,Lind #1,0.00,67.3,68.0,69.3,67.3,0.0,0.2,4.9,5.1,9.9,67,61,62,64,67,29.00,377.70
2025-10-04 15:00,2021,Lind #1,0.00,67.6,66.9,68.0,65.3,0.4,0.2,4.9,5.1,9.9,69,62,62,64,67,28.00,113.70
2025-10-04 16:00,2021,Lind #1,0.00,66.7,65.5,66.7,61.9,0.8,0.1,4.9,5.1,10.0,70,64,62,64,67,27.00,81.10
2025-10-04 17:00,2021,Lind #1,0.00,61.9,60.1,61.9,58.1,0.8,0.1,5.0,5.2,10.0,70,64,62,64,67,34.00,8.21
2025-10-04 18:00,2021,Lind #1,0.00,58.1,56.7,58.1,54.3,0.6,0.0,5.1,5.0,10.0,68,65,63,64,67,42.00,0.01
2025-10-04 19:00,2021,Lind #1,0.00,54.3,53.8,54.3,53.1,0.4,0.1,5.0,5.1,10.0,67,65,63,64,67,49.00,0.00
2025-10-04 20:00,2021,Lind #1,0.00,54.0,52.7,54.7,52.2,0.1,0.1,5.0,5.0,9.9,65,64,63,64,67,50.00,0.00
2025-10-04 21:00,2021,Lind #1,0.00,54.7,56.3,58.5,54.1,0.0,0.0,5.0,5.0,9.9,63,64,63,64,67,55.00,0.00
2025-10-04 22:00,2021,Lind #1,0.00,55.4,54.7,55.4,53.2,0.0,0.2,5.1,5.1,10.0,62,63,63,64,67,51.00,0.01
2025-10-04 23:00,2021,Lind #1,0.00,54.7,54.1,54.7,53.6,0.0,0.1,5.1,5.0,10.0,61,63,63,64,67,50.00,0.01
2025-10-05 00:00,2021,Lind #1,0.00,54.0,52.9,54.0,51.3,0.0,0.0,5.1,5.0,10.0,60,62,63,64,67,48.00,0.01
2025-10-05 01:00,2021,Lind #1,0.00,51.3,49.8,51.3,47.5,0.0,0.1,5.1,5.0,10.1,59,62,63,64,67,50.00,0.01
2025-10-05 02:00,2021,Lind #1,0.00,47.5,46.4,47.5,45.7,0.0,0.0,5.0,5.0,10.0,59,61,63,64,67,54.00,0.01
2025-10-05 03:00,2021,Lind #1,0.00,45.7,43.9,45.7,42.1,0.0,0.1,5.0,5.2,10.0,58,61,63,64,67,57.00,0.00
2025-10-05 04:00,2021,Lind #1,0.00,42.1,41.4,42.1,40.3,0.0,0.0,5.0,5.2,10.1,57,60,63,64,67,64.00,0.00
2025-10-05 05:00,2021,Lind #1,0.00,40.3,40.5,40.6,40.3,0.0,0.0,5.2,5.2,10.0,56,60,63,64,67,68.00,0.78
2025-10-05 06:00,2021,Lind #1,0.00,40.5,40.6,44.4,39.7,0.0,0.0,4.9,5.2,10.1,54,59,63,64,67,70.00,63.79
2025-10-05 07:00,2021,Lind #1,0.00,44.4,46.2,49.6,44.4,0.0,0.0,5.1,5.2,10.0,53,58,62,64,67,64.00,202.30
2025-10-05 08:00,2021,Lind #1,0.00,49.6,52.5,56.3,49.6,0.0,0.0,5.0,5.0,10.0,53,58,62,64,67,54.00,337.80
2025-10-05 09:00,2021,Lind #1,0.00,56.3,57.4,60.3,56.3,0.0,0.0,5.1,5.1,10.1,53,57,62,64,67,45.00,480.30
2025-10-05 10:00,2021,Lind #1,0.00,60.3,60.4,61.5,59.7,0.0,0.0,4.9,5.1,10.1,53,57,62,64,67,40.00,573.60
2025-10-05 11:00,2021,Lind #1,0.00,61.5,62.4,63.3,61.5,0.0,0.1,5.0,5.1,10.1,55,57,62,64,67,38.00,594.20
2025-10-05 12:00,2021,Lind #1,0.00,62.6,63.5,64.8,62.6,0.0,0.0,4.9,5.1,9.9,58,57,61,64,67,36.00,596.00
2025-10-05 13:00,2021,Lind #1,0.00,64.4,64.8,66.4,64.4,0.0,0.1,5.0,5.2,9.9,62,58,61,64,67,33.00,552.20
2025-10-05 14:00,2021,Lind #1,0.00,66.4,65.5,66.4,64.4,0.1,0.2,4.9,5.1,10.1,66,60,61,64,67,29.00,408.90
2025-10-05 15:00,2021,Lind #1,0.00,65.3,64.8,65.3,63.5,0.5,0.0,4.9,5.1,9.9,69,62,61,64,67,29.00,259.10
2025-10-05 16:00,2021,Lind #1,0.00,65.1,64.0,65.1,61.9,0.9,0.1,4.8,5.1,10.0,70,63,61,64,67,28.00,118.60
2025-10-05 17:00,2021,Lind #1,0.00,61.9,57.9,61.9,52.5,0.9,0.3,4.9,5.1,10.1,70,64,62,64,67,30.00,13.42
2025-10-05 18:00,2021,Lind #1,0.00,52.5,50.9,52.5,48.7,0.8,0.2,5.1,5.2,10.0,69,64,62,64,67,42.00,0.00
2025-10-05 19:00,2021,Lind #1,0.00,50.7,48.9,50.7,47.7,0.6,0.3,4.9,5.2,9.9,67,64,62,64,67,44.00,0.00
2025-10-05 20:00,2021,Lind #1,0.00,47.7,47.5,48.7,46.2,0.3,0.3,5.1,5.2,10.1,65,64,62,64,67,49.00,0.00
2025-10-05 21:00,2021,Lind #1,0.00,46.4,46.8,49.1,45.7,0.0,0.0,5.0,5.2,9.9,62,63,63,64,67,51.00,0.00
2025-10-05 22:00,2021,Lind #1,0.00,46.6,45.5,46.6,43.3,0.0,0.1,5.1,5.2,9.9,61,63,63,64,67,52.00,0.00
2025-10-05 23:00,2021,Lind #1,0.00,43.3,41.7,43.3,40.3,0.0,0.2,5.2,5.1,9.9,59,62,63,64,67,59.00,0.00
2025-10-06 00:00,2021,Lind #1,0.00,42.1,41.2,43.0,39.6,0.0,0.2,5.1,5.1,10.0,57,61,63,64,67,59.00,0.00
2025-10-06 01:00,2021,Lind #1,0.00,41.4,41.5,42.4,37.9,0.0,0.0,5.2,5.1,9.9,56,60,63,64,66,59.00,0.00
2025-10-06 02:00,2021,Lind #1,0.00,37.9,40.1,42.8,37.2,0.0,0.1,5.0,5.1,9.9,54,59,62,64,66,66.00,0.00
2025-10-06 03:00,2021,Lind #1,0.00,37.2,36.5,38.3,32.7,0.0,0.0,5.1,5.1,10.0,53,58,62,64,66,69.00,0.00
2025-10-06 04:00,2021,Lind #1,0.00,32.7,36.1,37.8,32.7,0.0,0.0,5.0,5.1,10.0,52,57,62,64,66,76.00,0.00
2025-10-06 05:00,2021,Lind #1,0.00,35.4,34.7,36.7,34.3,0.0,0.0,5.0,5.1,10.0,51,56,62,64,66,71.00,0.75
2025-10-06 06:00,2021,Lind #1,0.00,36.7,36.0,37.6,34.3,0.0,0.0,4.8,5.1,10.0,50,56,62,64,66,71.00,61.36
2025-10-06 07:00,2021,Lind #1,0.00,37.6,39.9,44.4,37.6,0.0,0.0,5.0,5.1,10.1,49,55,61,64,66,70.00,193.10
2025-10-06 08:00,2021,Lind #1,0.00,44.4,47.3,52.3,44.4,0.0,0.0,4.9,5.2,9.9,48,54,61,64,66,62.00,338.30
2025-10-06 09:00,2021,Lind #1,0.00,52.3,54.9,58.8,52.3,0.0,0.0,4.9,5.0,9.9,48,54,61,64,66,49.00,476.70
2025-10-06 10:00,2021,Lind #1,0.00,58.8,59.7,61.9,58.8,0.0,0.0,4.8,5.0,9.9,49,54,60,64,66,34.00,556.90
2025-10-06 11:00,2021,Lind #1,0.00,61.9,62.6,63.9,61.7,0.0,0.0,4.9,5.1,10.1,51,54,60,63,66,26.00,576.20
2025-10-06 12:00,2021,Lind #1,0.00,63.5,64.2,65.1,63.5,0.0,0.0,4.9,5.2,10.2,54,54,60,63,66,29.00,578.30
2025-10-06 13:00,2021,Lind #1,0.00,64.9,66.0,66.9,64.9,0.0,0.1,4.9,5.1,10.0,58,55,60,63,66,24.00,512.10
2025-10-06 14:00,2021,Lind #1,0.00,66.4,66.7,67.3,66.2,0.0,0.0,5.0,5.2,10.0,62,57,60,63,66,22.00,403.00
2025-10-06 15:00,2021,Lind #1,0.00,66.2,67.1,68.0,66.2,0.0,0.0,5.0,5.3,10.0,65,59,60,63,66,22.00,259.60
2025-10-06 16:00,2021,Lind #1,0.00,67.1,66.0,67.1,63.9,0.3,0.1,4.9,5.3,10.0,67,60,60,63,66,21.00,112.10
2025-10-06 17:00,2021,Lind #1,0.00,63.9,62.4,63.9,58.6,0.3,0.1,5.0,5.3,10.0,67,61,60,63,66,25.00,11.40
2025-10-06 18:00,2021,Lind #1,0.00,58.6,58.1,59.5,52.2,0.3,0.0,4.8,5.2,10.1,66,62,60,63,66,29.00,0.00
2025-10-06 19:00,2021,Lind #1,0.00,52.2,53.6,56.8,47.8,0.1,0.3,4.9,5.1,9.9,65,62,60,63,66,38.00,0.00
2025-10-06 20:00,2021,Lind #1,0.00,47.8,49.1,49.8,46.8,0.0,0.2,4.9,4.8,10.0,63,62,61,63,66,45.00,0.00
2025-10-06 21:00,2021,Lind #1,0.00,46.8,48.7,50.9,45.7,0.0,0.3,4.9,5.1,10.1,61,62,61,63,66,46.00,0.00
2025-10-06 22:00,2021,Lind #1,0.00,45.7,46.2,48.6,44.1,0.0,0.1,4.8,5.1,10.1,60,61,61,63,66,47.00,0.00
2025-10-06 23:00,2021,Lind #1,0.00,44.1,44.6,45.3,43.9,0.0,0.1,5.0,5.1,10.1,58,60,61,63,66,49.00,0.00
2025-10-07 00:00,2021,Lind #1,0.00,45.0,45.0,48.2,44.2,0.0,0.0,5.0,5.2,10.1,57,60,61,63,66,48.00,0.00
2025-10-07 01:00,2021,Lind #1,0.00,48.2,47.5,49.1,44.2,0.0,0.1,5.0,5.1,9.8,56,59,61,63,66,43.00,0.00
2025-10-07 02:00,2021,Lind #1,0.00,44.4,43.3,44.4,42.8,0.0,0.2,5.0,5.1,9.9,54,58,61,63,66,50.00,0.00
2025-10-07 03:00,2021,Lind #1,0.00,44.2,45.9,47.1,44.2,0.0,0.2,4.9,5.1,10.1,54,57,61,63,66,53.00,0.00
2025-10-07 04:00,2021,Lind #1,0.00,45.7,45.1,45.7,44.2,0.0,0.1,4.9,5.1,10.1,53,57,61,63,66,51.00,0.00
2025-10-07 05:00,2021,Lind #1,0.00,44.2,44.1,44.8,43.3,0.0,0.0,5.0,5.2,10.1,52,56,61,63,66,56.00,0.61
2025-10-07 06:00,2021,Lind #1,0.00,44.2,44.4,46.4,44.2,0.0,0.1,4.8,5.1,9.9,51,56,60,63,66,56.00,57.49
2025-10-07 07:00,2021,Lind #1,0.00,46.4,48.9,51.8,46.4,0.0,0.0,5.0,5.1,10.1,51,55,60,63,66,55.00,181.90
2025-10-07 08:00,2021,Lind #1,0.00,51.8,54.0,56.7,51.8,0.0,0.0,4.9,5.2,10.2,51,55,60,63,66,50.00,331.90
2025-10-07 09:00,2021,Lind #1,0.00,56.7,59.0,62.2,56.7,0.0,0.0,4.9,4.9,10.0,51,54,60,63,66,43.00,470.80
2025-10-07 10:00,2021,Lind #1,0.00,62.2,64.0,65.8,62.2,0.0,0.0,4.9,5.2,10.0,52,54,60,63,66,36.00,553.00
2025-10-07 11:00,2021,Lind #1,0.00,65.8,67.6,70.3,65.8,0.0,0.3,5.0,5.2,10.0,53,55,59,63,66,31.00,587.20
2025-10-07 12:00,2021,Lind #1,0.00,70.3,70.0,70.5,69.6,0.0,0.0,4.7,5.2,10.1,56,55,59,62,66,26.00,566.60
2025-10-07 13:00,2021,Lind #1,0.00,70.5,70.7,71.1,70.5,0.0,0.2,4.7,5.2,10.1,60,56,59,62,66,25.00,508.70
2025-10-07 14:00,2021,Lind #1,0.00,70.7,71.2,71.8,70.7,0.0,0.0,4.7,4.9,10.0,64,58,59,62,66,23.00,399.30
2025-10-07 15:00,2021,Lind #1,0.00,71.8,71.2,71.8,70.5,0.3,0.0,5.0,5.3,9.8,66,59,59,62,66,24.00,256.10
2025-10-07 16:00,2021,Lind #1,0.00,70.5,69.4,70.5,66.6,0.6,0.2,4.9,4.9,10.1,68,61,59,62,66,22.00,107.00
2025-10-07 17:00,2021,Lind #1,0.00,66.6,63.9,66.6,60.4,0.7,0.4,4.8,5.3,10.0,68,62,60,62,66,26.00,9.99
2025-10-07 18:00,2021,Lind #1,0.00,60.4,60.8,61.2,59.9,0.6,0.4,4.8,5.2,10.0,67,63,60,62,66,31.00,0.00
2025-10-07 19:00,2021,Lind #1,0.00,59.9,57.6,59.9,52.2,0.4,0.3,4.9,5.2,10.0,66,63,60,62,66,32.00,0.00
2025-10-07 20:00,2021,Lind #1,0.00,52.2,53.8,56.3,51.6,0.3,0.3,4.9,5.0,10.0,64,63,61,62,66,41.00,0.00
2025-10-07 21:00,2021,Lind #1,0.00,52.3,53.1,58.5,47.1,0.0,0.3,4.8,5.0,10.0,62,62,61,62,66,38.00,0.00
2025-10-07 22:00,2021,Lind #1,0.00,47.1,48.2,51.1,47.1,0.0,0.2,5.0,5.0,10.0,60,62,61,62,66,49.00,0.00
2025-10-07 23:00,2021,Lind #1,0.00,51.1,50.7,51.4,49.3,0.0,0.2,4.9,5.0,10.0,59,61,61,62,66,43.00,0.00
2025-10-08 00:00,2021,Lind #1,0.00,49.3,48.6,49.3,46.6,0.0,0.1,5.0,5.0,10.2,58,60,61,62,66,46.00,0.00
2025-10-08 01:00,2021,Lind #1,0.00,46.6,46.4,46.9,45.3,0.0,0.3,4.9,5.0,9.9,57,59,61,62,66,51.00,0.00
2025-10-08 02:00,2021,Lind #1,0.00,46.8,45.3,46.8,43.7,0.0,0.1,5.0,5.0,10.0,56,59,61,62,66,53.00,0.00
2025-10-08 03:00,2021,Lind #1,0.00,46.8,45.9,46.8,44.4,0.0,0.3,5.0,5.0,9.9,55,58,61,62,66,56.00,0.00
2025-10-08 04:00,2021,Lind #1,0.00,45.7,46.6,47.3,45.7,0.0,0.0,4.8,5.0,10.3,54,57,61,62,66,60.00,0.00
2025-10-08 05:00,2021,Lind #1,0.00,46.0,45.5,46.0,45.0,0.0,0.1,4.9,5.0,9.9,53,57,61,62,66,61.00,0.50
2025-10-08 06:00,2021,Lind #1,0.00,45.7,46.6,49.8,44.6,0.0,0.1,4.9,5.0,9.9,52,56,60,62,66,61.00,51.98
2025-10-08 07:00,2021,Lind #1,0.00,49.8,51.6,56.3,49.8,0.0,0.2,5.0,5.0,10.2,52,56,60,62,66,52.00,173.20
2025-10-08 08:00,2021,Lind #1,0.00,56.3,58.5,63.1,56.3,0.0,0.1,5.0,5.0,10.0,51,55,60,62,66,43.00,325.00
2025-10-08 09:00,2021,Lind #1,0.00,63.1,65.7,69.6,63.1,0.0,0.2,4.8,5.3,9.8,52,55,60,62,66,34.00,463.70
2025-10-08 10:00,2021,Lind #1,0.00,69.6,70.3,71.2,69.6,0.0,0.0,4.9,4.9,10.0,53,55,60,62,66,26.00,545.90
2025-10-08 11:00,2021,Lind #1,0.00,71.2,72.3,74.1,71.2,0.0,0.1,4.7,5.0,9.9,54,55,59,62,66,24.00,581.70
2025-10-08 12:00,2021,Lind #1,0.00,74.1,73.8,74.8,73.0,0.0,0.1,4.9,5.0,9.9,57,56,59,62,66,23.00,565.90
2025-10-08 13:00,2021,Lind #1,0.00,74.8,75.2,75.6,74.8,0.0,0.1,4.9,5.0,10.2,61,57,59,62,66,23.00,501.70
2025-10-08 14:00,2021,Lind #1,0.00,74.8,75.0,75.4,74.8,0.1,0.2,4.9,5.0,9.9,65,58,59,62,66,22.00,390.80
2025-10-08 15:00,2021,Lind #1,0.00,75.2,75.0,75.2,74.5,0.6,0.3,4.9,5.1,9.9,68,60,59,62,66,22.00,245.60
2025-10-08 16:00,2021,Lind #1,0.00,75.2,73.6,75.2,69.1,1.1,0.3,4.9,5.1,9.9,69,62,60,62,66,23.00,91.40
2025-10-08 17:00,2021,Lind #1,0.00,69.1,65.8,69.1,62.6,1.1,0.3,4.8,5.0,9.9,69,63,60,62,66,28.00,3.33
2025-10-08 18:00,2021,Lind #1,0.00,62.6,61.9,62.8,60.6,1.1,0.5,4.9,5.0,10.0,69,64,60,62,66,35.00,0.00
2025-10-08 19:00,2021,Lind #1,0.00,61.5,61.0,62.6,58.5,0.9,0.5,4.9,5.0,10.1,67,64,60,62,66,37.00,0.00
2025-10-08 20:00,2021,Lind #1,0.00,58.5,58.3,59.0,57.2,0.8,0.2,5.0,5.0,9.8,66,64,61,62,66,41.00,0.00
2025-10-08 21:00,2021,Lind #1,0.00,57.2,57.9,58.5,57.2,0.6,0.3,4.8,5.0,10.0,64,63,61,62,66,43.00,0.00
2025-10-08 22:00,2021,Lind #1,0.00,58.3,59.9,61.3,57.2,0.4,0.3,4.9,5.1,10.0,63,63,61,62,66,41.00,0.00
2025-10-08 23:00,2021,Lind #1,0.00,57.2,54.5,57.2,51.6,0.3,0.4,4.9,5.1,10.0,62,62,61,62,66,41.00,0.00
2025-10-09 00:00,2021,Lind #1,0.00,51.6,52.0,52.7,51.1,0.1,0.3,5.1,5.3,10.0,61,62,62,62,66,49.00,0.00
2025-10-09 01:00,2021,Lind #1,0.00,52.3,52.5,53.4,51.4,0.0,0.2,5.1,5.0,10.1,60,62,62,62,66,49.00,0.00
2025-10-09 02:00,2021,Lind #1,0.00,51.4,51.6,52.5,51.4,0.0,0.3,5.1,4.9,9.8,59,61,62,62,66,50.00,0.00
2025-10-09 03:00,2021,Lind #1,0.00,52.5,51.8,53.6,51.4,0.0,0.2,5.1,5.3,10.0,58,60,62,62,66,49.00,0.00
2025-10-09 04:00,2021,Lind #1,0.00,53.6,53.4,54.3,52.2,0.0,0.3,5.1,5.0,10.0,57,60,61,62,66,47.00,0.00
2025-10-09 05:00,2021,Lind #1,0.00,52.3,52.5,54.0,50.2,0.0,0.3,5.1,5.0,10.0,57,59,61,62,66,51.00,0.25
2025-10-09 06:00,2021,Lind #1,0.00,50.2,51.4,53.8,49.6,0.0,0.3,4.9,5.1,9.8,56,59,61,62,66,56.00,14.34
2025-10-09 07:00,2021,Lind #1,0.00,53.8,53.8,57.0,53.2,0.0,0.1,4.9,5.1,9.8,56,58,61,62,66,52.00,86.00
2025-10-09 08:00,2021,Lind #1,0.00,57.0,56.8,61.2,55.9,0.0,0.2,5.0,5.3,10.0,56,58,61,62,66,47.00,249.10
2025-10-09 09:00,2021,Lind #1,0.00,61.2,63.1,64.9,61.2,0.0,0.2,4.9,5.0,9.9,56,58,61,62,66,44.00,490.30
2025-10-09 10:00,2021,Lind #1,0.00,64.9,66.0,66.9,64.9,0.0,0.0,5.0,5.1,9.9,57,58,61,62,66,39.00,535.80
2025-10-09 11:00,2021,Lind #1,,66.9,,,,0.0,0.2,4.8,5.0,9.9,58,58,60,62,66,37.00,