04136 20240101  2.622 -117.53   47.42     1.1    -2.7    -0.8    -0.2     0.0     1.20 C     3.5    -5.6     0.0    92.6    90.4    91.6   0.305   0.340   0.308   0.263   0.237     1.2     1.6     1.8     2.5     2.8
04136 20240102  2.622 -117.53   47.42     4.6    -2.2     1.2     0.4     0.0     2.71 C     6.7    -3.8     0.1    92.9    74.7    88.1   0.305   0.340   0.308   0.262   0.236     1.5     1.8     2.0     2.6     2.8
04136 20240103  2.622 -117.53   47.42     2.6    -2.2     0.2     1.0     2.0     0.48 C     4.2    -3.3     1.1    92.1    88.0    90.1   0.306   0.340   0.308   0.262   0.236     1.5     1.8     2.0     2.6     2.8
04136 20240104  2.622 -117.53   47.42     2.9    -0.1     1.4     1.7     0.9     0.38 C     3.5     0.0     1.7    91.9    86.2    89.9   0.308   0.342   0.310   0.265   0.238     1.9     2.1     2.2     2.7     2.9
04136 20240105  2.622 -117.53   47.42     2.9    -1.0     0.9     1.3     0.0     2.50 C     6.5    -1.2     0.9    90.1    71.9    83.5   0.308   0.342   0.310   0.265   0.238     2.1     2.3     2.4     2.9     3.0
04136 20240106  2.622 -117.53   47.42     4.0    -1.3     1.3     1.0     5.6     0.90 C     1.4    -3.4    -0.2    89.0    50.1    80.7   0.313   0.345   0.312   0.266   0.240     1.7     2.1     2.3     2.9     3.0
04136 20240107  2.622 -117.53   47.42     0.9    -9.4    -4.2    -2.9     0.0     2.85 C     1.4   -11.6    -4.7    88.7    63.7    82.7   0.312   0.345   0.312   0.268   0.241     1.0     1.7     2.0     2.8     3.0
04136 20240108  2.622 -117.53   47.42     0.5    -9.4    -4.5    -2.8     3.7     1.91 C     0.6   -11.3    -2.6    88.3    78.7    85.2   0.306   0.341   0.310   0.264   0.238     0.7     1.4     1.6     2.5     2.8
04136 20240109  2.622 -117.53   47.42     3.7    -0.8     1.5     1.6     5.4     1.68 C     1.8    -1.8     0.2    88.1    73.9    80.9   0.330   0.355   0.322   0.276   0.249     0.6     1.2     1.4     2.3     2.6
04136 20240110  2.622 -117.53   47.42    -0.1    -5.3    -2.7    -1.7     0.6     1.98 C     3.1    -8.0    -2.0    88.7    76.0    83.5   0.319   0.351   0.318   0.274   0.247     0.6     1.1     1.3     2.2     2.4
04136 20240111  2.622 -117.53   47.42    -1.0    -9.7    -5.4    -4.0     0.3     3.75 C     4.4    -8.5    -2.9    86.7    48.9    69.9   0.316   0.345   0.313   0.269   0.242     0.5     1.1     1.3     2.1     2.4
04136 20240112  2.622 -117.53   47.42    -9.7   -22.6   -16.2   -17.3     0.0     6.24 C    -5.9   -19.8   -13.3    61.9    39.8    49.5 -99.000   0.333   0.305   0.260   0.235     0.3     1.0     1.2     2.1     2.3
04136 20240113  2.622 -117.53   47.42   -16.6   -23.0   -19.8   -19.7     0.0     4.59 C    -7.1   -19.7   -15.8    62.2    45.2    53.3 -99.000   0.318   0.291   0.247   0.224     0.0     0.7     1.0     2.0     2.2
04136 20240114  2.622 -117.53   47.42   -11.8   -21.3   -16.5   -17.2     0.0     3.10 C    -1.3   -18.6   -13.6    77.3    53.9    67.3 -99.000   0.286   0.278   0.235   0.211    -0.5     0.5     0.7     1.8     2.0
04136 20240115  2.622 -117.53   47.42   -10.8   -21.2   -16.0   -16.0     0.0     5.30 C    -1.8   -19.0   -13.0    75.2    46.3    66.2 -99.000   0.271   0.264   0.224   0.198    -1.1     0.2     0.5     1.6     1.9
04136 20240116  2.622 -117.53   47.42    -6.2   -15.9   -11.0   -11.2     0.0     5.29 C     4.9   -15.1    -8.3    74.0    46.7    64.0 -99.000   0.257   0.253   0.210   0.186    -1.1     0.0     0.3     1.4     1.7
04136 20240117  2.622 -117.53   47.42    -6.7   -12.4    -9.6    -9.5    13.2     0.52 C    -5.0   -15.0    -8.9    83.2    64.7    80.5 -99.000   0.249   0.248   0.202   0.178    -0.8     0.0     0.2     1.3     1.6
04136 20240118  2.622 -117.53   47.42    -5.7   -17.9   -11.8    -9.1     0.6     3.83 C    -5.6   -22.9   -10.3    82.7    59.6    72.6 -99.000   0.246 -99.000   0.199   0.175    -0.6     0.0     0.1     1.2     1.5
04136 20240119  2.622 -117.53   47.42    -4.3    -7.3    -5.8    -5.8     1.5     1.32 C    -3.5    -7.0    -5.4    83.3    74.1    78.2 -99.000   0.245 -99.000   0.199   0.175    -0.5     0.0     0.1     1.2     1.4
04136 20240120  2.622 -117.53   47.42     0.0    -7.4    -3.7    -2.9     1.1     1.99 C    -0.1    -9.9    -2.9    86.8    75.2    82.0 -99.000   0.247 -99.000   0.199   0.175    -0.5     0.0     0.1     1.1     1.4
04136 20240121  2.622 -117.53   47.42     3.7     0.0     1.8     1.5     4.9     2.05 C     0.7    -0.1     0.1    91.7    86.8    90.6 -99.000   0.248 -99.000   0.200   0.176    -0.4     0.0     0.1     1.1     1.3
04136 20240122  2.622 -117.53   47.42     4.9     0.7     2.8     3.2     1.5     2.08 C     0.7    -0.1     0.3    91.7    82.2    87.5 -99.000   0.254 -99.000   0.207   0.180    -0.3     0.0     0.1     1.0     1.3
04136 20240123  2.622 -117.53   47.42     4.6    -2.6     1.0     2.4     0.8     1.92 C     5.3    -4.3     0.7    92.4    84.6    89.6 -99.000 -99.000 -99.000   0.223   0.190    -0.3     0.0     0.1     1.0     1.3
04136 20240124  2.622 -117.53   47.42     4.2    -4.5    -0.2     1.1     1.9     1.24 C     4.5    -5.5     0.0    91.5    87.0    89.9 -99.000 -99.000 -99.000   0.232   0.199    -0.3     0.0     0.1     1.0     1.2
04136 20240125  2.622 -117.53   47.42     5.4    -3.0     1.2     1.2     0.0     3.16 C     7.8    -5.1     0.6    92.2    77.0    89.2 -99.000 -99.000 -99.000   0.235   0.201    -0.3     0.0     0.1     1.0     1.2
04136 20240126  2.622 -117.53   47.42     8.9    -3.2     2.8     1.7     0.3     5.49 C     9.4    -4.5     0.2    90.8    54.9    80.0 -99.000 -99.000 -99.000   0.238   0.204    -0.3     0.0     0.1     1.0     1.2
04136 20240127  2.622 -117.53   47.42     7.5     2.9     5.2     5.2    10.4     0.48 C     6.2     0.5     3.2    89.7    78.7    86.8 -99.000 -99.000 -99.000   0.248   0.214    -0.3     0.0     0.1     1.0     1.2
04136 20240128  2.622 -117.53   47.42    13.2     0.5     6.8     7.5     1.2     4.61 C    13.5    -1.0     4.7    90.9    65.9    79.2 -99.000 -99.000 -99.000   0.263   0.229    -0.3     0.0     0.1     0.9     1.1
04136 20240129  2.622 -117.53   47.42    15.1    -1.6     6.7     5.3     0.0     6.69 C    14.5    -3.0     2.5    92.0    55.6    81.0 -99.000 -99.000 -99.000   0.266   0.230    -0.3     0.0     0.1     0.9     1.1
04136 20240130  2.622 -117.53   47.42     7.0    -2.5     2.2     1.5     0.0     2.54 C     6.5    -3.5     0.2    90.9    76.6    86.7 -99.000 -99.000 -99.000   0.265   0.230    -0.3     0.0     0.1     0.9     1.2
04136 20240131  2.622 -117.53   47.42    11.4     0.8     6.1     5.7     0.0     2.54 C    11.9    -1.4     2.6    89.5    57.1    74.6 -99.000 -99.000 -99.000   0.266   0.230    -0.3     0.1     0.1     0.9     1.1
04136 20240201  2.622 -117.53   47.42     7.0     3.3     5.1     5.2     4.1     0.85 C     7.0     1.9     3.6    91.6    73.2    84.1 -99.000 -99.000 -99.000   0.268   0.232    -0.3     0.1     0.1     0.9     1.1
04136 20240202  2.622 -117.53   47.42     5.7     1.7     3.7     3.6     0.3     1.35 C     6.7    -0.6     2.8    92.1    83.2    90.5 -99.000 -99.000 -99.000   0.272   0.237    -0.2     0.1     0.1     0.9     1.1
04136 20240203  2.622 -117.53   47.42     3.5     1.8     2.6     2.6     1.6     1.14 C     4.7     0.7     2.1    91.3    85.6    89.3 -99.000 -99.000 -99.000   0.272   0.236    -0.1     0.2     0.2     0.9     1.1
04136 20240204  2.622 -117.53   47.42     6.4    -1.2     2.6     2.2     3.4     2.56 C    12.8    -4.6     1.4    91.3    69.0    85.2 -99.000 -99.000   0.321   0.276   0.240     0.1     0.2     0.3     1.0     1.1
04136 20240205  2.622 -117.53   47.42     7.5     0.8     4.1     4.2     1.9     1.40 C     7.1    -1.9     2.5    88.2    74.1    82.0 -99.000 -99.000   0.318   0.274   0.238     0.3     0.3     0.4     1.1     1.2
04136 20240206  2.622 -117.53   47.42     9.9    -0.5     4.7     4.2     0.0     4.46 C    19.2    -3.1     3.3    90.5    60.1    82.3   0.316   0.358   0.316   0.272   0.236     1.1     0.9     0.7     1.2     1.4
04136 20240207  2.622 -117.53   47.42     5.2     1.0     3.1     3.2     0.0     1.39 C     6.7    -1.1     2.9    91.8    72.9    83.9   0.324   0.354   0.315   0.271   0.235     2.0     1.6     1.4     1.6     1.7
04136 20240208  2.622 -117.53   47.42     4.0     0.2     2.1     1.8     1.5     2.40 C     7.8    -2.1     1.7    88.4    69.7    82.6   0.320   0.352   0.314   0.269   0.233     2.0     1.8     1.8     1.9     1.9
04136 20240209  2.622 -117.53   47.42     3.9    -5.8    -0.9    -0.6     0.0     3.90 C    10.5    -8.5    -1.0    90.3    62.3    83.6   0.318   0.351   0.314   0.269   0.232     1.4     1.6     1.7     2.0     2.1
04136 20240210  2.622 -117.53   47.42     4.5    -7.7    -1.6    -0.8     0.0     6.02 C     9.6    -9.4    -1.0    89.5    61.1    77.2   0.314   0.347   0.311   0.266   0.230     0.5     1.1     1.3     1.9     2.1
04136 20240211  2.622 -117.53   47.42     3.8    -1.7     1.0     1.8     0.4     2.06 C     5.4    -3.9     0.9    86.3    66.2    78.7   0.315   0.347   0.312   0.266   0.230     0.7     1.0     1.1     1.8     1.9
04136 20240212  2.622 -117.53   47.42     4.9    -2.7     1.1     2.6     5.2     1.87 C     7.8    -4.0     2.3    94.4    80.4    87.2   0.320   0.354   0.315   0.270   0.234     1.9     1.7     1.6     1.8     2.0
04136 20240213  2.622 -117.53   47.42     2.1    -5.9    -1.9    -2.1     0.0     5.85 C    13.0    -8.6    -0.8    93.5    73.4    87.6   0.316   0.351   0.314   0.269   0.233     1.5     1.7     1.7     2.1     2.2
04136 20240214  2.622 -117.53   47.42     2.2    -8.0    -2.9    -2.0     0.0     6.59 C     7.2    -9.8    -2.2    88.7    47.5    65.5   0.317   0.344   0.310   0.265   0.229     0.6     1.2     1.4     2.0     2.2
04136 20240215  2.622 -117.53   47.42    -0.5    -4.2    -2.3    -3.0     5.8     2.16 C    -1.3    -4.7    -3.3    83.7    47.6    71.6 -99.000   0.342   0.309   0.264   0.228     0.3     0.9     1.1     1.8     2.0
04136 20240216  2.622 -117.53   47.42     0.7   -12.5    -5.9    -4.7     0.0    10.99 C    -1.6   -19.2    -9.2    84.4    43.8    60.6 -99.000   0.342   0.309   0.263   0.227     0.3     0.7     0.9     1.6     1.8
04136 20240217  2.622 -117.53   47.42     4.0   -12.7    -4.3    -3.3     0.0     9.62 C     2.7   -17.2    -6.4    84.0    42.2    61.5 -99.000   0.340   0.307   0.261   0.225     0.2     0.7     0.8     1.6     1.7
04136 20240218  2.622 -117.53   47.42     2.0    -1.0     0.5     0.5     1.7     2.64 C     2.2    -1.9     0.0    90.3    58.1    80.9 -99.000   0.343   0.309   0.263   0.227     0.2     0.6     0.8     1.5     1.6
04136 20240219  2.622 -117.53   47.42     4.6    -0.9     1.8     1.5     2.9     2.47 C     5.4    -3.5     0.6    90.9    72.4    86.1 -99.000   0.349   0.314   0.268   0.232     0.2     0.6     0.7     1.4     1.6
04136 20240220  2.622 -117.53   47.42     7.5    -2.5     2.5     2.8     3.9     4.23 C    11.1    -4.9     2.2    91.9    78.2    87.9 -99.000   0.358   0.320   0.275   0.238     0.6     0.7     0.8     1.4     1.6
04136 20240221  2.622 -117.53   47.42     8.4    -2.8     2.8     3.2     2.3     4.14 C    13.5    -5.1     2.9    91.7    66.6    86.2   0.309   0.355   0.318   0.273   0.236     1.2     1.2     1.1     1.5     1.7
04136 20240222  2.622 -117.53   47.42     8.4    -3.5     2.5     3.3     0.0     4.46 C    16.0    -6.4     2.9    91.1    61.7    83.9   0.315   0.353   0.316   0.271   0.235     2.7     2.2     2.0     2.0     2.0
04136 20240223  2.622 -117.53   47.42    11.4    -5.5     3.0     1.5     0.0    11.44 C    17.9    -7.6     1.1    91.7    43.7    76.6   0.310   0.348   0.313   0.268   0.232     1.7     1.9     2.0     2.3     2.3
04136 20240224  2.622 -117.53   47.42     9.7    -2.9     3.4     4.6     0.0     7.44 C    15.1    -5.2     3.7    90.5    48.8    71.7   0.308   0.347   0.312   0.267   0.231     2.2     2.0     2.1     2.3     2.4
04136 20240225  2.622 -117.53   47.42     7.7     3.0     5.4     5.2     0.5     1.64 C     6.2     0.6     3.9    83.2    66.1    75.9   0.307   0.346   0.311   0.266   0.230     2.8     2.5     2.5     2.5     2.6
04136 20240226  2.622 -117.53   47.42     5.0    -3.5     0.7     1.2     0.0     9.29 C    15.6    -8.7     0.7    71.7    29.4    48.7   0.305   0.344   0.310   0.265   0.229     2.3     2.5     2.6     2.7     2.8
04136 20240227  2.622 -117.53   47.42     2.7    -5.5    -1.4    -1.0     1.0     9.42 C    13.7    -7.3     0.1    87.3    25.7    60.5   0.303   0.341   0.308   0.263   0.227     1.1     1.7     2.0     2.6     2.7
04136 20240228  2.622 -117.53   47.42     6.2    -0.2     3.0     3.0     9.4     2.26 C     4.3    -0.6     1.7    89.0    66.8    81.6   0.319   0.351   0.315   0.269   0.232     1.4     1.6     1.8     2.3     2.5
04136 20240229  2.622 -117.53   47.42     8.6     0.4     4.5     3.8     7.0     1.07 C     5.6    -2.3     2.5    87.9    56.1    77.1   0.329   0.362   0.324   0.278   0.241     2.5     2.3     2.3     2.5     2.6
04136 20240301  2.622 -117.53   47.42     6.1    -0.9     2.6     1.6     0.8     7.33 C    13.3    -3.7     0.9    84.1    44.2    70.5   0.319   0.356   0.320   0.275   0.238     1.9     2.1     2.2     2.6     2.7
04136 20240302  2.622 -117.53   47.42     5.1    -2.6     1.3     0.7     3.4     6.24 C     9.6    -6.9    -0.7    89.4    48.6    73.7   0.319   0.355   0.319   0.273   0.237     1.4     1.8     2.0     2.5     2.6
04136 20240303  2.622 -117.53   47.42     4.3    -6.5    -1.1    -0.6     0.0    10.59 C    12.0    -9.1    -1.3    84.7    43.6    68.4   0.313   0.351   0.316   0.271   0.235     0.8     1.4     1.6     2.3     2.5
04136 20240304  2.622 -117.53   47.42     2.6    -5.7    -1.5    -0.9     2.6     6.59 C     9.3    -8.9    -1.7    87.2    50.9    74.4   0.313   0.351   0.316   0.270   0.234     0.7     1.2     1.4     2.2     2.3
04136 20240305  2.622 -117.53   47.42     4.7    -9.2    -2.2    -3.1     0.3    11.64 C    16.0   -11.0    -2.9    88.6    48.7    76.4   0.325   0.347   0.314   0.269   0.233     0.4     1.0     1.2     2.0     2.2
04136 20240306  2.622 -117.53   47.42     5.0    -9.9    -2.5    -3.1     0.0    12.99 C    17.7   -11.6    -2.5    87.6    25.3    67.3 -99.000   0.344   0.311   0.266   0.229     0.3     0.8     1.0     1.8     2.0
04136 20240307  2.622 -117.53   47.42     5.8    -9.4    -1.8    -2.5     0.0    12.09 C    19.6   -11.4    -2.0    85.9    37.5    67.7 -99.000   0.341   0.308   0.263   0.227     0.2     0.7     0.9     1.7     1.9
04136 20240308  2.622 -117.53   47.42     8.9    -7.1     0.9     0.4     0.0    13.29 C    17.6    -9.9     0.2    87.4    32.6    65.2 -99.000   0.340   0.308   0.262   0.226     0.2     0.7     0.8     1.6     1.8
04136 20240309  2.622 -117.53   47.42    11.9    -4.1     3.9     3.7     0.3     7.78 C    18.5    -7.8     1.8    83.9    27.5    62.3 -99.000   0.341   0.308   0.262   0.226     0.2     0.7     0.9     1.6     1.7
04136 20240310  2.622 -117.53   47.42     9.5    -0.4     4.5     4.7     1.8     4.76 C    12.3    -3.4     3.0    81.4    57.2    72.7   0.292   0.344   0.310   0.264   0.228     1.0     1.0     1.1     1.7     1.8
04136 20240311  2.622 -117.53   47.42     9.9    -1.5     4.2     5.0     1.8     8.15 C    18.7    -4.5     4.0    87.1    43.9    67.2   0.303   0.344   0.310   0.265   0.229     2.1     1.8     1.8     2.0     2.1
04136 20240312  2.622 -117.53   47.42    10.9     0.6     5.7     5.3     0.0     9.62 C    18.3    -4.9     4.1    87.0    37.7    65.2   0.304   0.345   0.311   0.266   0.229     3.2     2.7     2.6     2.4     2.4
04136 20240313  2.622 -117.53   47.42     8.5    -3.5     2.5     2.0     0.0    11.05 C    24.8    -7.2     2.8    88.2    38.0    67.1   0.301   0.343   0.310   0.265   0.229     2.7     2.6     2.7     2.7     2.8
04136 20240314  2.622 -117.53   47.42    11.4    -5.4     3.0     1.9     0.0    14.95 C    24.9    -8.7     3.1    90.5    32.6    69.4   0.299   0.340   0.308   0.263   0.227     2.5     2.6     2.6     2.8     2.9
04136 20240315  2.622 -117.53   47.42    14.3    -4.4     4.9     3.9     0.0    15.95 C    27.5    -7.0     5.2    89.6    32.7    67.8   0.297   0.339   0.307   0.262   0.226     3.1     2.8     2.9     3.0     3.0
04136 20240316  2.622 -117.53   47.42    19.5    -3.0     8.3     7.2     0.0    16.27 C    31.1    -5.8     7.7    90.5    25.5    64.6   0.296   0.338   0.306   0.260   0.225     4.0     3.5     3.4     3.3     3.3
04136 20240317  2.622 -117.53   47.42    21.1    -1.8     9.6     8.5     0.0    16.72 C    32.8    -5.1     8.8    90.7    24.2    63.0   0.294   0.336   0.305   0.259   0.224     5.0     4.2     4.2     3.7     3.7
04136 20240318  2.622 -117.53   47.42    20.8    -2.0     9.4     8.6     0.0    16.67 C    33.3    -4.8     9.3    91.6    29.0    67.4   0.293   0.334   0.303   0.257   0.222     5.7     4.9     4.8     4.2     4.1
04136 20240319  2.622 -117.53   47.42    20.9    -1.6     9.7     9.0     0.0    16.55 C    31.1    -4.6     9.2    91.8    30.6    67.0   0.291   0.332   0.302   0.255   0.221     6.1     5.4     5.3     4.7     4.6
04136 20240320  2.622 -117.53   47.42    17.8     1.5     9.6     9.9     0.0    15.36 C    29.5    -1.7     9.7    90.6    27.5    58.1   0.289   0.330   0.300   0.253   0.219     6.6     5.8     5.7     5.2     5.0
04136 20240321  2.622 -117.53   47.42    12.6     1.5     7.0     7.8     0.0     9.72 C    22.2    -2.6     7.1    83.2    35.5    59.6   0.287   0.328   0.298   0.252   0.218     6.4     5.9     5.9     5.5     5.3
04136 20240322  2.622 -117.53   47.42    15.8    -0.4     7.7     8.3     0.0    10.14 C    26.3    -3.2     8.4    91.0    32.2    62.9   0.286   0.326   0.297   0.250   0.216     6.2     5.7     5.7     5.4     5.4
04136 20240323  2.622 -117.53   47.42     9.4    -0.7     4.3     5.7     0.2     3.06 C    11.9    -4.2     4.7    90.0    57.3    78.0   0.285   0.325   0.296   0.250   0.216     6.0     5.9     5.8     5.6     5.5
04136 20240324  2.622 -117.53   47.42     5.6    -4.3     0.7     2.4     4.3     6.06 C    15.0    -7.5     2.8    90.3    63.1    82.1   0.291   0.331   0.301   0.254   0.219     5.3     5.4     5.4     5.5     5.5
04136 20240325  2.622 -117.53   47.42     9.6    -6.0     1.8     2.0     0.0     5.95 C    26.6    -8.6     2.3    87.9    52.4    77.0   0.291   0.331   0.301   0.255   0.220     3.9     4.4     4.6     5.1     5.2
04136 20240326  2.622 -117.53   47.42    10.5    -1.7     4.4     3.7     2.5     9.89 C    23.5    -4.9     3.1    89.8    42.3    72.0   0.292   0.333   0.302   0.256   0.220     4.5     4.5     4.6     4.8     4.9
04136 20240327  2.622 -117.53   47.42     7.3    -1.2     3.0     4.0    12.7     5.48 C    10.7    -4.6     3.4    87.5    57.9    77.5   0.306   0.343   0.309   0.262   0.225     4.1     4.3     4.4     4.7     4.9
04136 20240328  2.622 -117.53   47.42    10.4    -1.7     4.4     3.9     0.0    10.54 C    23.4    -4.4     4.3    91.4    44.8    75.4   0.317   0.356   0.320   0.274   0.236     4.7     4.6     4.6     4.7     4.8
04136 20240329  2.622 -117.53   47.42    11.5    -2.7     4.4     4.3     0.0    15.78 C    27.3    -5.8     5.5    89.5    31.7    66.3   0.309   0.350   0.315   0.270   0.233     5.2     4.9     4.8     4.8     4.9
04136 20240330  2.622 -117.53   47.42    13.2    -4.7     4.2     4.1     0.0    17.08 C    29.6    -7.5     6.2    90.8    23.6    61.8   0.304   0.345   0.313   0.267   0.231     5.1     5.0     4.9     5.0     5.0
04136 20240331  2.622 -117.53   47.42    13.2    -4.0     4.6     4.6     0.0    18.59 C    29.0    -7.6     6.2    86.5    23.3    54.9   0.301   0.342   0.310   0.264   0.229     5.5     5.2     5.1     5.1     5.1
04136 20240401  2.622 -117.53   47.42    16.3    -3.1     6.6     6.6     0.0    17.05 C    28.3    -5.7     7.6    87.2    31.9    60.8   0.298   0.339   0.308   0.262   0.227     5.8     5.4     5.3     5.3     5.3
04136 20240402  2.622 -117.53   47.42    21.0    -0.4    10.3    11.7     0.0    16.90 C    30.6    -3.0    11.5    89.8    35.1    59.8   0.295   0.336   0.306   0.259   0.225     7.1     6.2     5.9     5.6     5.5
04136 20240403  2.622 -117.53   47.42    13.2     3.4     8.3     7.6     0.4     8.87 C    16.2     2.7     8.0    86.6    35.3    58.7   0.292   0.333   0.303   0.257   0.223     7.5     6.9     6.7     6.1     6.0
04136 20240404  2.622 -117.53   47.42    11.1     1.8     6.5     5.7     6.2     7.50 C    19.5     1.6     7.2    88.8    53.9    78.6   0.294   0.334   0.304   0.257   0.222     7.1     6.7     6.5     6.2     6.2
04136 20240405  2.622 -117.53   47.42     5.3     0.1     2.7     1.9    11.4     6.60 C    11.7    -0.1     1.6    90.9    71.6    85.5   0.322   0.358   0.321   0.274   0.237     5.2     5.8     5.9     6.1     6.2
04136 20240406  2.622 -117.53   47.42     8.6     1.7     5.2     4.5     0.0     6.98 C    13.5    -0.9     4.7    91.2    48.6    74.3   0.315   0.355   0.320   0.275   0.239     5.4     5.4     5.4     5.7     5.8
04136 20240407  2.622 -117.53   47.42    10.4    -0.7     4.8     4.8     0.0    11.07 C    25.5    -5.0     5.5    89.0    40.2    67.9   0.309   0.350   0.316   0.271   0.235     5.6     5.5     5.4     5.6     5.7
04136 20240408  2.622 -117.53   47.42    11.1    -2.5     4.3     5.5     0.0    12.76 C    20.9    -6.3     5.7    88.1    39.4    64.2   0.304   0.346   0.313   0.268   0.232     5.3     5.3     5.3     5.6     5.6
04136 20240409  2.622 -117.53   47.42    15.2    -1.6     6.8     9.0     0.4    15.24 C    26.6    -5.2     8.9    86.3    26.2    57.1   0.302   0.344   0.311   0.266   0.230     7.0     6.2     6.0     5.7     5.7
04136 20240410  2.622 -117.53   47.42    14.2    -5.8     4.2     5.0     0.0    19.88 C    30.1    -7.4     8.0    85.4    24.5    59.0   0.298   0.340   0.309   0.263   0.227     6.8     6.3     6.2     6.0     6.0
04136 20240411  2.622 -117.53   47.42    16.9    -3.2     6.8     8.0     0.0    17.46 C    32.4    -5.7    10.4    89.5    30.5    61.1   0.295   0.337   0.306   0.260   0.225     7.5     6.8     6.5     6.2     6.2
04136 20240412  2.622 -117.53   47.42    17.2     3.3    10.2    11.5     0.0    13.98 C    31.4     0.6    13.3    88.6    34.1    60.1   0.292   0.334   0.304   0.257   0.222     9.5     8.2     7.7     6.8     6.7
04136 20240413  2.622 -117.53   47.42    20.7     0.4    10.6    11.0     0.0    19.98 C    36.0    -1.4    13.5    91.7    34.1    68.7   0.289   0.330   0.301   0.254   0.220    10.0     8.8     8.3     7.4     7.3
04136 20240414  2.622 -117.53   47.42    23.7     2.3    13.0    12.8     0.0    19.84 C    36.3     0.7    14.4    91.7    22.2    57.4   0.286   0.326   0.297   0.250   0.217    10.7     9.5     9.0     8.0     7.8
04136 20240415  2.622 -117.53   47.42    15.6     4.4    10.0     9.8     0.0    18.52 C    26.8     2.3    10.8    76.4    29.6    50.8   0.282   0.321   0.293   0.246   0.214    10.0     9.4     9.2     8.5     8.2
04136 20240416  2.622 -117.53   47.42    10.0    -5.3     2.3     4.0     0.0    11.50 C    23.7    -8.2     4.9    85.2    27.8    53.6   0.279   0.317   0.290   0.242   0.212     8.0     8.3     8.4     8.3     8.2
04136 20240417  2.622 -117.53   47.42    11.0    -7.8     1.6     2.2     0.0    15.76 C    33.1    -9.7     4.8    86.2    26.2    60.7   0.276   0.314   0.288   0.240   0.210     6.5     7.0     7.2     7.6     7.7
04136 20240418  2.622 -117.53   47.42    10.1    -5.0     2.6     3.7     0.0    17.17 C    29.4    -7.8     6.0    89.7    38.6    63.3   0.275   0.312   0.286   0.238   0.208     6.6     6.8     6.9     7.3     7.3
04136 20240419  2.622 -117.53   47.42    14.2     0.7     7.4     7.4     0.0    22.03 C    30.4    -3.8     9.1    71.5    21.1    37.0   0.272   0.309   0.283   0.235   0.206     7.4     7.1     7.0     7.2     7.2
04136 20240420  2.622 -117.53   47.42    19.1     2.6    10.8    10.8     0.0    22.20 C    32.5    -4.5    12.6    60.6    20.8    32.6   0.268   0.304   0.280   0.232   0.204     8.4     7.7     7.5     7.3     7.3
04136 20240421  2.622 -117.53   47.42    12.7    -2.0     5.4     7.1     0.0    14.17 C    26.9    -6.2     7.6    68.9    21.1    44.1   0.265   0.300   0.277   0.228   0.201     8.4     8.1     8.0     7.7     7.6
04136 20240422  2.622 -117.53   47.42    14.5    -6.0     4.3     4.5     0.0    22.77 C    34.3    -8.8     8.0    84.6    18.4    51.8   0.261   0.296   0.273   0.225   0.199     7.7     7.6     7.5     7.5     7.5
04136 20240423  2.622 -117.53   47.42    18.4    -5.7     6.3     7.0     0.0    20.75 C    35.0    -7.6     9.6    85.7    16.7    51.6   0.258   0.292   0.270   0.222   0.196     8.2     7.8     7.6     7.5     7.5
04136 20240424  2.622 -117.53   47.42    17.7    -3.6     7.0     9.0     0.0    16.26 C    28.5    -5.5    10.1    87.6    25.4    51.7   0.255   0.288   0.267   0.219   0.194     8.3     8.0     7.8     7.7     7.7
04136 20240425  2.622 -117.53   47.42    15.0     4.4     9.7     9.6     0.5    11.65 C    33.1     1.8    10.9    85.8    44.0    65.8   0.252   0.285   0.264   0.216   0.192     9.1     8.5     8.3     7.9     7.8
04136 20240426  2.622 -117.53   47.42    15.7     1.7     8.7     9.0     0.0    13.80 C    30.6    -0.5    10.3    89.4    38.5    67.2   0.250   0.283   0.262   0.214   0.191     9.6     8.9     8.6     8.2     8.1
04136 20240427  2.622 -117.53   47.42    15.0     1.3     8.1     8.6     0.0    13.16 C    29.7    -1.2     9.7    87.4    30.5    61.6   0.248   0.280   0.260   0.212   0.189     9.1     8.8     8.6     8.3     8.2
04136 20240428  2.622 -117.53   47.42    14.0     5.0     9.5     9.0     0.0    12.41 C    23.9     2.3     9.6    80.1    35.7    56.7   0.245   0.277   0.257   0.210   0.187     8.8     8.6     8.5     8.3     8.3
04136 20240429  2.622 -117.53   47.42    11.3    -4.4     3.5     4.6     0.7    12.01 C    19.2    -7.3     5.0    80.7    25.2    62.7   0.243   0.275   0.255   0.208   0.185     8.0     8.2     8.2     8.2     8.2
04136 20240430  2.622 -117.53   47.42     9.6    -4.2     2.7     3.0     2.4    16.19 C    28.7    -7.8     4.6    86.7    39.5    66.8   0.245   0.276   0.256   0.208   0.186     6.7     7.2     7.3     7.8     7.9
04136 20240501  2.622 -117.53   47.42    14.0    -2.7     5.7     6.1     0.0    20.25 C    29.5    -5.7     8.6    88.4    25.6    57.7   0.244   0.276   0.256   0.209   0.186     7.9     7.6     7.5     7.6     7.6
04136 20240502  2.622 -117.53   47.42    16.2    -5.5     5.3     6.9     0.0    21.59 C    36.9    -8.0    10.4    86.3    21.0    51.2   0.240   0.272   0.253   0.206   0.184     8.3     7.9     7.7     7.7     7.7
04136 20240503  2.622 -117.53   47.42    18.0    -3.6     7.2     9.0     0.0    22.39 C    36.7    -5.1    12.1    88.1    23.9    52.5   0.236   0.268   0.249   0.202   0.181     9.7     8.9     8.4     8.0     8.0
04136 20240504  2.622 -117.53   47.42    18.4     3.0    10.7    12.5     0.0     9.92 C    25.6     1.0    12.1    84.2    28.0    43.2   0.232   0.263   0.245   0.199   0.179    10.0     9.4     9.1     8.5     8.4
04136 20240505  2.622 -117.53   47.42    12.0     5.6     8.8     6.9    13.9     2.11 C     9.6     5.7     7.2    90.8    46.8    84.3   0.247   0.273   0.253   0.202   0.181     8.8     8.9     8.8     8.6     8.6
04136 20240506  2.622 -117.53   47.42    14.2     2.9     8.6     7.4     1.6    15.38 C    27.4     0.5     8.9    86.5    39.1    70.9   0.266   0.300   0.277   0.225   0.198     8.9     8.6     8.4     8.4     8.4
04136 20240507  2.622 -117.53   47.42    14.6     1.7     8.1     7.6     0.0    16.72 C    31.0    -1.2     8.5    79.9    26.1    52.6   0.260   0.296   0.275   0.225   0.199     8.8     8.6     8.5     8.4     8.4
04136 20240508  2.622 -117.53   47.42    15.1    -1.0     7.0     7.4     0.0    17.10 C    33.1    -3.0    10.0    88.8    32.3    59.3   0.256   0.292   0.272   0.222   0.197     9.3     8.8     8.5     8.4     8.4
04136 20240509  2.622 -117.53   47.42    23.2    -1.8    10.7    11.7     0.0    24.59 C    37.9    -2.9    15.0    90.9    26.1    60.1   0.251   0.287   0.267   0.218   0.194    11.1     9.9     9.3     8.7     8.6
04136 20240510  2.622 -117.53   47.42    25.8     1.6    13.7    14.9     0.0    25.34 C    40.9    -0.2    17.6    90.9    21.1    55.3   0.244   0.280   0.261   0.213   0.190    12.9    11.3    10.5     9.4     9.2
04136 20240511  2.622 -117.53   47.42    26.3     2.6    14.4    15.7     0.0    24.59 C    40.8     0.9    17.6    91.4    23.0    57.0   0.237   0.271   0.254   0.207   0.185    13.7    12.2    11.5    10.2     9.9
04136 20240512  2.622 -117.53   47.42    26.6     4.2    15.4    16.2     0.0    25.26 C    38.6     2.4    18.0    91.4    22.2    54.2   0.230   0.263   0.246   0.200   0.181    14.2    12.8    12.1    10.8    10.5
04136 20240513  2.622 -117.53   47.42    23.2     5.5    14.3    15.7     0.0    21.57 C    36.4     2.8    17.0    84.3    27.2    47.9   0.224   0.255   0.239   0.194   0.176    14.2    13.0    12.4    11.3    11.0
04136 20240514  2.622 -117.53   47.42    22.5     2.2    12.4    13.4     0.0    24.94 C    39.7     0.8    16.6    88.4    21.8    52.2   0.217   0.248   0.232   0.188   0.172    14.3    13.2    12.6    11.5    11.3
04136 20240515  2.622 -117.53   47.42    23.8     2.4    13.1    15.1     0.0    22.33 C    35.9     1.1    16.9    89.8    26.0    52.4   0.210   0.241   0.226   0.183   0.167    14.1    13.2    12.6    11.8    11.5
04136 20240516  2.622 -117.53   47.42    24.4     8.2    16.3    17.0     0.0    21.32 C    36.7     6.2    18.3    78.9    22.2    43.4   0.204   0.234   0.220   0.178   0.163    14.6    13.5    13.0    12.0    11.7
04136 20240517  2.622 -117.53   47.42    16.9     1.8     9.4    11.0     0.0    21.41 C    35.9    -2.1    13.5    67.0    17.9    34.8   0.197   0.234   0.213   0.172   0.159    13.4    13.0    12.7    12.1    11.8
04136 20240518  2.622 -117.53   47.42    15.9    -2.1     6.9     8.4     0.0    18.68 C    32.1    -4.2    10.6    79.7    26.0    51.4   0.192   0.227   0.209   0.168   0.155    11.8    11.9    11.8    11.6    11.6
04136 20240519  2.622 -117.53   47.42    14.3     0.1     7.2     7.5     0.5    16.60 C    26.8    -1.6     9.7    86.6    34.2    64.3   0.190   0.226   0.205   0.165   0.153    11.4    11.5    11.3    11.3    11.3
04136 20240520  2.622 -117.53   47.42    18.8    -2.8     8.0     9.5     0.0    21.24 C    41.3    -3.5    12.8    90.3    22.5    56.8   0.189   0.224   0.202   0.162   0.150    11.8    11.4    11.1    11.0    11.0
04136 20240521  2.622 -117.53   47.42    15.6     0.8     8.2     8.7     3.8    13.63 C    32.3    -1.9    10.6    88.6    38.5    69.2   0.185   0.222   0.199   0.160   0.148    11.4    11.3    11.2    11.1    11.0
04136 20240522  2.622 -117.53   47.42    13.2     5.9     9.5     9.0     6.5    19.51 C    30.2     5.4    12.6    89.1    33.6    64.0   0.218   0.241   0.217   0.164   0.151    12.2    11.6    11.3    11.0    10.9
04136 20240523  2.622 -117.53   47.42    17.0     0.3     8.6     9.8     0.0    15.68 C    33.7    -1.4    12.3    89.8    40.4    65.9   0.209   0.240   0.217   0.170   0.157    12.2    11.8    11.4    11.1    11.1
04136 20240524  2.622 -117.53   47.42    19.4     2.1    10.8    12.4     0.0    22.31 C    37.9     0.5    15.9    89.6    25.5    54.7   0.201   0.235   0.213   0.168   0.155    13.1    12.2    11.7    11.3    11.1
04136 20240525  2.622 -117.53   47.42    15.1     5.4    10.3    11.0     0.0    15.12 C    30.0     1.9    12.9    79.8    33.6    53.1   0.194   0.230   0.208   0.165   0.152    13.0    12.5    12.2    11.6    11.4
04136 20240526  2.622 -117.53   47.42    16.9     3.1    10.0    10.7     0.0    19.65 C    34.4     1.1    14.0    81.6    36.8    56.8   0.188   0.225   0.202   0.162   0.150    12.4    12.0    11.8    11.5    11.4
04136 20240527  2.622 -117.53   47.42    23.1     2.9    13.0    14.2     0.0    24.66 C    39.7     1.0    18.0    90.3    30.5    58.5   0.182   0.216   0.197   0.158   0.147    14.5    13.2    12.5    11.7    11.5
04136 20240528  2.622 -117.53   47.42    21.3     6.7    14.0    15.0     2.5    13.32 C    32.8     5.9    16.0    90.9    33.6    60.6   0.184   0.218   0.197   0.156   0.145    14.7    13.7    13.2    12.3    12.0
04136 20240529  2.622 -117.53   47.42    16.6     0.1     8.4     9.3     1.4    22.04 C    34.0    -0.6    12.1    85.8    23.0    53.4   0.179   0.217   0.194   0.156   0.144    13.4    13.1    12.9    12.3    12.2
04136 20240530  2.622 -117.53   47.42    16.9    -2.5     7.2     8.0     0.0    25.58 C    39.2    -2.8    11.8    87.2    25.0    57.4   0.176   0.204   0.190   0.157   0.142    12.6    12.4    12.2    12.0    12.0
04136 20240531  2.622 -117.53   47.42    20.2    -2.9     8.7    10.6     0.0    26.18 C    40.3    -3.7    14.8    88.6    22.4    52.7   0.171   0.200   0.186   0.153   0.139    13.2    12.6    12.2    11.9    11.8
04136 20240601  2.622 -117.53   47.42    21.4     2.5    12.0    13.2     0.0    13.06 C    37.1     1.5    14.6    85.9    28.4    53.5   0.165   0.195   0.181   0.150   0.136    13.3    12.8    12.5    12.0    11.9
04136 20240602  2.622 -117.53   47.42    18.8     5.7    12.2    12.7     8.5    12.02 C    32.4     2.7    14.1    88.6    38.9    69.9   0.168   0.192   0.178   0.147   0.134    13.4    12.9    12.6    12.1    12.0
04136 20240603  2.622 -117.53   47.42    17.4     6.6    12.0    12.3     7.8    16.19 C    25.8     4.9    13.3    88.3    29.8    63.2   0.222   0.228   0.209   0.157   0.137    13.6    13.0    12.7    12.2    12.1
04136 20240604  2.622 -117.53   47.42    19.7     5.1    12.4    12.0     0.3    13.29 C    29.6     3.1    12.4    79.0    41.6    62.3   0.208   0.230   0.213   0.167   0.146    12.5    12.4    12.3    12.1    12.0
04136 20240605  2.622 -117.53   47.42    20.1     1.3    10.7    11.6     0.0    26.99 C    37.1    -0.3    15.7    89.7    23.7    56.1   0.198   0.224   0.209   0.166   0.147    13.9    13.0    12.6    12.1    11.9
04136 20240606  2.622 -117.53   47.42    25.1     0.3    12.7    14.8     0.0    26.29 C    42.8    -0.7    18.4    90.7    22.9    56.4   0.188   0.217   0.202   0.162   0.144    15.0    13.8    13.2    12.4    12.2
04136 20240607  2.622 -117.53   47.42    26.5     4.1    15.3    16.1     0.0    27.84 C    44.6     2.8    19.9    90.8    16.7    52.6   0.179   0.209   0.194   0.156   0.141    16.2    14.8    14.0    13.0    12.7
04136 20240608  2.622 -117.53   47.42    27.9     1.2    14.6    16.8     0.0    26.18 C    45.2     0.0    20.5    90.4    16.6    51.7   0.169   0.200   0.185   0.148   0.137    16.5    15.2    14.4    13.4    13.1
04136 20240609  2.622 -117.53   47.42    25.4     5.8    15.6    16.7     0.0    13.81 C    43.8     4.7    17.5    90.5    30.7    58.3   0.161   0.193   0.178   0.144   0.134    16.2    15.4    14.8    13.8    13.5
04136 20240610  2.622 -117.53   47.42    25.9     5.5    15.7    16.4     0.0    26.19 C    43.7     4.2    19.9    90.9    22.1    58.1   0.156   0.188   0.172   0.141   0.131    16.9    15.6    14.9    13.8    13.6
04136 20240611  2.622 -117.53   47.42    26.9     5.0    15.9    17.6     0.0    25.72 C    42.3     2.1    20.4    85.9    14.8    42.9   0.148   0.181   0.166   0.140   0.127    17.1    16.0    15.3    14.1    13.8
04136 20240612  2.622 -117.53   47.42    22.1     2.5    12.3    12.8     0.0    27.91 C    41.4     0.0    17.2    83.7    17.6    45.9   0.140   0.175   0.159 -99.000   0.124    16.6    15.8    15.2    14.1    14.0
04136 20240613  2.622 -117.53   47.42    25.5     0.6    13.0    15.5     0.0    27.84 C    44.3    -1.3    20.1    89.5    14.6    47.5   0.137   0.171   0.153 -99.000   0.121    16.8    15.8    15.0    13.8    14.0
04136 20240614  2.622 -117.53   47.42    20.2     4.1    12.1    14.3     0.0    21.98 C    36.6     2.0    17.3    76.4    21.9    42.8   0.128   0.164   0.148 -99.000   0.117    17.0    16.1    15.4    14.1    14.2
04136 20240615  2.622 -117.53   47.42    16.3     3.4     9.9    10.5     0.9    17.77 C    32.4     1.8    12.5    80.5    26.2    49.6   0.123   0.160   0.143 -99.000   0.114    14.9    14.9    14.6    13.9    14.1
04136 20240616  2.622 -117.53   47.42    15.5     1.5     8.5     8.5     0.0    20.37 C    37.4    -0.9    11.7    84.2    30.4    56.8   0.121   0.159   0.139 -99.000   0.112    13.8    13.9    13.7    13.5    13.6
04136 20240617  2.622 -117.53   47.42    17.2    -2.5     7.4     9.0     1.8    17.47 C    39.2    -4.0    12.1    86.8    34.1    65.7   0.116   0.153   0.136   0.121   0.109    13.6    13.6    13.3    13.4    13.3
04136 20240618  2.622 -117.53   47.42    19.5     6.1    12.8    11.0     0.3    19.48 C    36.6     3.4    14.5    86.3    32.3    67.1   0.116   0.151   0.134   0.119   0.108    14.4    13.8    13.4    13.2    13.1
04136 20240619  2.622 -117.53   47.42    22.8     2.2    12.5    13.4     0.0    27.54 C    43.7     0.5    18.3    84.7    21.9    55.8   0.114   0.149   0.131   0.116   0.106    16.0    14.8    14.1    13.4    13.3
04136 20240620  2.622 -117.53   47.42    27.2     1.3    14.3    15.6     0.0    26.69 C    47.2    -0.2    20.1    88.1    13.5    48.8   0.109   0.145   0.126   0.112   0.103    16.6    15.3    14.6    13.8    13.5
04136 20240621  2.622 -117.53   47.42    29.1     1.7    15.4    17.2     0.0    27.50 C    50.1    -0.1    21.8    87.8    13.3    47.4   0.103   0.139   0.120   0.108   0.101    17.7    16.2    15.2    14.1    13.9
04136 20240622  2.622 -117.53   47.42    30.5     4.5    17.5    18.8     0.0    24.20 C    50.4     2.9    22.9    88.6    19.1    52.1   0.098   0.134   0.114   0.103   0.097    18.6    17.0    15.9    14.6    14.2
04136 20240623  2.622 -117.53   47.42    25.9     6.6    16.2    19.2     0.0    26.36 C    44.9     4.4    22.3    77.3    19.3    38.8   0.092   0.129   0.109   0.098   0.095    19.0    17.5    16.5    15.1    14.7
04136 20240624  2.622 -117.53   47.42    23.7     5.2    14.4    14.8     0.0    27.28 C    44.9     1.3    19.8    84.1    25.5    50.6   0.088   0.125   0.104   0.094   0.091    18.4    17.2    16.3    15.3    14.9
04136 20240625  2.622 -117.53   47.42    28.4     1.8    15.1    17.2     0.0    27.50 C    50.5     0.3    22.3    89.4    17.1    50.5   0.084   0.121   0.100   0.088   0.087    18.9    17.5    16.4    15.3    15.0
04136 20240626  2.622 -117.53   47.42    29.2     6.6    17.9    20.1     0.0    18.80 C    48.6     5.1    23.9    83.0    18.9    44.3   0.079   0.117   0.095   0.082   0.084    19.4    17.9    16.9    15.6    15.2
04136 20240627  2.622 -117.53   47.42    21.1     8.0    14.6    15.5     1.2    18.46 C    33.0     4.1    17.3    72.8    29.3    51.1   0.074   0.114   0.093   0.079   0.081    18.2    17.5    16.9    15.8    15.4
04136 20240628  2.622 -117.53   47.42    23.9     4.9    14.4    14.8     0.0    26.33 C    46.7     2.6    20.3    85.0    32.5    56.7   0.072   0.113   0.090   0.075   0.079    18.3    17.1    16.3    15.5    15.2
04136 20240629  2.622 -117.53   47.42    28.5     4.0    16.3    17.6     0.0    20.53 C    52.5     2.6    22.9    89.1    23.7    56.4   0.070   0.110   0.088   0.071   0.076    19.1    17.7    16.6    15.7    15.3
04136 20240630  2.622 -117.53   47.42    25.5     8.7    17.1    18.2     1.4    16.81 C    46.5     7.3    21.9    92.4    33.2    61.3   0.068   0.107   0.086   0.066   0.073    20.1 -9999.0 -9999.0 -9999.0 -9999.0
04136 20240701  2.622 -117.53   47.42    26.3     5.7    16.0    16.9     0.0    21.31 C    42.5     4.1    19.6    92.2    24.1    55.2   0.065   0.104   0.084   0.063   0.070 -9999.0    17.8 -9999.0 -9999.0 -9999.0
04136 20240702  2.622 -117.53   47.42    25.7     4.7    15.2    16.5     0.0    24.82 C    47.4     2.9    20.7    87.8    22.1    49.1   0.064   0.102   0.082   0.060   0.069    18.8    17.7    17.0    16.0    15.7
04136 20240703  2.622 -117.53   47.42    27.2     4.5    15.9    17.0     0.0    26.59 C    51.4     3.2    22.1    83.7    15.6    46.0   0.062   0.100   0.081   0.057   0.066    19.3    18.0    17.1    16.1    15.7
04136 20240704  2.622 -117.53   47.42    29.1     4.8    16.9    18.4     0.0    27.08 C    52.8     2.7    24.0    84.6    16.7    46.3   0.060   0.098   0.079   0.054   0.063    20.1    18.5    17.4    16.3    15.9
04136 20240705  2.622 -117.53   47.42    32.3     4.5    18.4    20.2     0.0    26.97 C    54.2     2.7    25.3    87.2    14.6    45.2   0.058   0.095   0.077   0.050   0.061    20.8    19.0    17.9    16.6    16.1
04136 20240706  2.622 -117.53   47.42    32.2     5.3    18.7    20.5     0.0    26.98 C    55.7     3.4    25.9    80.1    12.7    42.6   0.056   0.092   0.075   0.047   0.059    21.4    19.6    18.4    16.9    16.4
04136 20240707  2.622 -117.53   47.42    34.6     6.5    20.5    22.2     0.0    26.72 C    57.4     4.8    27.7    81.9    13.9    44.6   0.054   0.090   0.074   0.046   0.057    22.2    20.1    18.8    17.2    16.7
04136 20240708  2.622 -117.53   47.42    35.6     7.2    21.4    22.9     0.0    26.50 C    57.6     5.6    28.2    85.9    13.1    45.8   0.052   0.088   0.072 -99.000   0.055    22.9    20.7    19.3    17.1    17.1
04136 20240709  2.622 -117.53   47.42    37.1     9.0    23.1    24.7     0.0    26.41 C    60.1     7.3    30.1    82.9    13.3    44.4   0.050   0.087   0.072 -99.000   0.053    23.7    21.3    19.9 -9999.0    17.5
04136 20240710  2.622 -117.53   47.42    37.8     9.6    23.7    25.4     0.0    25.81 C    58.6     7.7    29.8    84.0    10.2    37.6   0.047   0.085   0.070 -99.000   0.051    24.2    21.8    20.3    17.7    17.7
04136 20240711  2.622 -117.53   47.42    33.5     9.9    21.7    22.6     0.0    26.55 C    55.1     6.4    26.8    65.7    11.1    33.0   0.047   0.084   0.068 -99.000   0.049    23.6    21.7    20.5    18.4    18.0
04136 20240712  2.622 -117.53   47.42    33.9     6.5    20.2    21.6     0.0    26.16 C    56.3     5.0    27.1    71.7    13.9    41.0   0.042   0.082   0.067 -99.000   0.048    23.3    21.4    20.3    18.2    18.1
04136 20240713  2.622 -117.53   47.42    35.4     7.7    21.5    23.3     0.0    26.19 C    58.1     6.0    28.6    79.2    10.5    39.7   0.037   0.081   0.066   0.038   0.048    23.9    21.7    20.5    18.8    18.2
04136 20240714  2.622 -117.53   47.42    34.7     7.2    21.0    22.9     0.0    26.38 C    56.7     6.2    27.8    76.6    10.6    36.9   0.036   0.080   0.066   0.039   0.047    24.0    21.9    20.7    19.0    18.4
04136 20240715  2.622 -117.53   47.42    32.3    10.5    21.4    23.0     0.0    26.74 C    55.2     8.1    27.8    63.4    11.1    31.3   0.035   0.078   0.064   0.038   0.046    24.1    22.0    20.8    19.1    18.5
04136 20240716  2.622 -117.53   47.42    34.5     7.3    20.9    22.1     0.0    23.04 C    56.5     6.0    26.9    70.9    14.5    39.9   0.029   0.077   0.063 -99.000   0.045    23.9    21.7    20.6    18.6    18.6
04136 20240717  2.622 -117.53   47.42    35.0     7.6    21.3    23.1     0.0    17.93 C    54.6     6.3    26.3    80.7    13.9    44.1   0.029   0.076   0.062 -99.000   0.044    23.7    21.5    20.6    18.5    18.6
04136 20240718  2.622 -117.53   47.42    35.5     9.4    22.5    24.0     0.0    24.87 C    57.6     7.7    29.2    80.0    13.1    40.1   0.030   0.075   0.062 -99.000   0.044    25.1    22.1    20.8    18.5    18.7
04136 20240719  2.622 -117.53   47.42    34.9     8.5    21.7    22.8     0.0    24.60 C    56.1     7.2    28.0    75.7    13.7    38.5   0.028   0.074   0.061 -99.000   0.043    25.0    22.3    21.1    18.7    18.8
04136 20240720  2.622 -117.53   47.42    36.8     7.2    22.0    23.6     0.0    24.76 C    59.5     5.7    29.1    73.1    11.8    38.5   0.028   0.073   0.061 -99.000   0.042    25.2    22.3    21.1    18.9    18.9
04136 20240721  2.622 -117.53   47.42    39.4    11.2    25.3    27.0     0.0    24.44 C    61.3     9.8    32.4    75.0    12.2    37.0   0.028   0.073   0.061 -99.000   0.042    26.6    23.1    21.7    19.0    19.1
04136 20240722  2.622 -117.53   47.42    35.8    14.4    25.1    25.8     0.0    19.65 C    55.5    13.3    30.8    63.2    19.9    38.7   0.027   0.072   0.060 -99.000   0.041    26.5    23.4    22.1    19.5    19.5
04136 20240723  2.622 -117.53   47.42    30.3     5.7    18.0    20.0     0.0    25.78 C    52.8     3.3    25.7    67.2    12.8    37.9   0.028   0.071   0.059 -99.000   0.041    25.5    23.1    22.0    19.8    19.7
04136 20240724  2.622 -117.53   47.42    32.2     1.1    16.6    21.1     0.0    23.85 C    54.7    -0.1    25.6    71.4    11.0    30.4   0.025   0.069   0.058 -99.000   0.041    23.8    21.9    21.1    19.4    19.5
04136 20240725  2.622 -117.53   47.42    24.3     6.2    15.2    18.4     0.0    24.58 C    44.8     4.2    23.2    58.8    19.3    34.3   0.026   0.068   0.057 -99.000   0.039    23.4    21.9    21.0    19.1    19.4
04136 20240726  2.622 -117.53   47.42    26.8     0.6    13.7    15.2     0.0    24.67 C    50.4    -1.0    21.1    76.1    14.3    39.2   0.023   0.067   0.057 -99.000   0.040    22.0    21.0    20.2    18.9    19.1
04136 20240727  2.622 -117.53   47.42    28.7     0.9    14.8    16.8     0.0    22.36 C    51.2    -0.6    22.2    72.1    15.4    37.7   0.024   0.066   0.056 -99.000   0.039    21.6    20.6    19.8    18.6    18.8
04136 20240728  2.622 -117.53   47.42    28.0     5.9    17.0    17.7     0.0    21.80 C    47.9     4.8    22.6    67.9    22.3    44.3   0.024   0.066   0.056 -99.000   0.038    22.1    20.7    19.9    18.4    18.7
04136 20240729  2.622 -117.53   47.42    27.1     6.3    16.7    18.4     0.0    16.38 C    49.8     5.4    21.3    79.9    26.1    53.5   0.023   0.065   0.056 -99.000   0.039    21.5    20.4    19.8    18.4    18.6
04136 20240730  2.622 -117.53   47.42    28.0    10.6    19.3    20.1     0.0    20.30 C    53.6     8.7    24.8    86.6    29.4    56.1   0.025   0.066   0.056 -99.000   0.039    22.7    20.9    20.0    18.4    18.5
04136 20240731  2.622 -117.53   47.42    30.9     7.5    19.2    19.9     0.0    24.35 C    52.9     6.1    25.3    82.3    20.4    48.6   0.025   0.067   0.055 -99.000   0.037    23.4    21.2    20.2    18.9    18.6
04136 20240801  2.622 -117.53   47.42    36.7     6.9    21.8    23.4     0.0    24.10 C    59.1     5.4    28.6    75.5    14.5    40.6   0.024   0.067   0.055 -99.000   0.037    24.0    21.7    20.6    19.1    18.8
04136 20240802  2.622 -117.53   47.42    39.9     9.1    24.5    26.2     0.0    22.37 C    60.0     7.9    30.9    74.5    11.1    37.2   0.025   0.067   0.055 -99.000   0.038    25.0    22.5    21.3    19.2    19.0
04136 20240803  2.622 -117.53   47.42    30.7    13.4    22.0    23.3     0.0     6.57 C    39.5    12.1    23.9    64.9    28.5    47.4   0.023   0.066   0.055 -99.000   0.037    23.7    22.1    21.3    19.7    19.4
04136 20240804  2.622 -117.53   47.42    28.8    16.5    22.7    21.3     2.4    14.02 C    42.6    13.2    22.7    86.4    35.1    60.5   0.024   0.067   0.055 -99.000   0.037    22.9    21.4    20.7    19.3    19.2
04136 20240805  2.622 -117.53   47.42    33.6    13.3    23.5    23.6     0.0    17.94 C    52.9    10.1    26.1    79.0    17.1    51.2   0.026   0.066   0.055 -99.000   0.037    22.6    21.1    20.4    18.9    19.0
04136 20240806  2.622 -117.53   47.42    28.9     8.8    18.8    20.3     0.0    16.34 C    46.7     7.0    22.5    84.2    21.1    46.2   0.027   0.065   0.054 -99.000   0.037    21.7    20.7    20.1    18.8    18.9
04136 20240807  2.622 -117.53   47.42    31.5     6.2    18.8    20.1     0.0    22.67 C    53.7     4.1    25.2    81.4    15.1    41.0   0.028   0.065   0.053 -99.000   0.037    22.4    20.6    19.8    18.6    18.7
04136 20240808  2.622 -117.53   47.42    31.2     7.8    19.5    23.3     0.0    22.44 C    56.3     6.4    28.1    68.9    19.2    35.6   0.028   0.066   0.054 -99.000   0.037    23.4    21.1    20.2    18.6    18.7
04136 20240809  2.622 -117.53   47.42    31.6    12.0    21.8    23.5     0.0    21.24 C    53.6    10.0    27.6    57.7    17.2    32.5   0.027   0.066   0.054 -99.000   0.037    24.1    21.7    20.8    19.3    18.9
04136 20240810  2.622 -117.53   47.42    32.7     7.9    20.3    22.4     0.0    19.82 C    54.7     6.3    26.9    70.9    13.0    35.8   0.025   0.065   0.054   0.029   0.036    23.8    21.6    20.7    19.5    19.1
04136 20240811  2.622 -117.53   47.42    31.6     8.7    20.1    21.5     0.0    18.69 C    52.9     7.3    26.1    67.9    17.3    37.7   0.025   0.065   0.054   0.030   0.035    24.1    21.8    20.9    19.6    19.1
04136 20240812  2.622 -117.53   47.42    30.1     8.6    19.3    21.2     0.0    20.85 C    51.9     5.7    26.0    59.9    14.7    35.7   0.025   0.065   0.053 -99.000   0.035    24.5    22.1    21.2    19.2    19.3
04136 20240813  2.622 -117.53   47.42    22.7     5.5    14.1    14.7     0.0    15.50 C    43.9     2.8    18.2    79.6    30.0    49.9   0.023   0.064   0.053 -99.000   0.035    21.7    20.9    20.4    19.3    19.3
04136 20240814  2.622 -117.53   47.42    28.5     1.7    15.1    15.9     0.0    22.00 C    49.4     0.6    21.3    86.5    22.4    51.5   0.022   0.062   0.051 -99.000   0.035    21.3    19.9 -9999.0 -9999.0 -9999.0
04136 20240815  2.622 -117.53   47.42    28.3     3.7    16.0    16.6     0.0    14.61 C    47.7     2.9    19.7    77.7    25.3    53.5   0.023   0.062   0.050 -99.000   0.035    21.2    19.9    19.4 -9999.0    18.5
04136 20240816  2.622 -117.53   47.42    26.8     7.4    17.1    18.3     0.0    19.76 C    46.4     6.8    23.3    74.9    27.8    50.9   0.023   0.062   0.051 -99.000   0.035    22.2    20.2    19.5    18.6    18.5
04136 20240817  2.622 -117.53   47.42    32.0     5.7    18.8    21.6     0.0    21.69 C    53.6     4.5    27.0    86.1    19.1    45.9   0.023   0.062   0.051   0.027   0.035    22.8    20.5    19.7    18.9    18.5
04136 20240818  2.622 -117.53   47.42    28.9     9.3    19.1    21.0     0.0    21.75 C    51.2     6.8    25.6    65.0    18.0    38.2   0.023   0.062   0.051   0.027   0.035    24.0    21.5    20.6    19.2    18.7
04136 20240819  2.622 -117.53   47.42    30.2     4.2    17.2    18.4     0.0    19.75 C    51.4     2.7    22.6    67.4    16.2    38.3   0.022   0.061   0.050 -99.000   0.035    22.5    20.8    20.1    19.0    18.9
04136 20240820  2.622 -117.53   47.42    26.6     8.0    17.3    18.6     0.0    19.55 C    46.8     6.4    23.0    61.9    21.2    36.6   0.022   0.061   0.050   0.028   0.035    22.4    20.6    20.0    19.2    18.8
04136 20240821  2.622 -117.53   47.42    24.9     6.1    15.5    16.7     0.0    19.87 C    46.0     5.4    21.1    79.0    25.5    48.1   0.022   0.061   0.050   0.029   0.035    22.1    20.5    19.9    19.1    18.7
04136 20240822  2.622 -117.53   47.42    32.2     7.7    19.9    20.3     0.0    16.26 C    52.1     7.0    23.9    66.8    17.0    41.2   0.022   0.060   0.050   0.029   0.033    21.9    20.2    19.6    18.9    18.6
04136 20240823  2.622 -117.53   47.42    23.8     6.0    14.9    13.8     4.4    14.64 C    42.9     3.8    17.1    88.7    33.6    65.8   0.021   0.059   0.050   0.029   0.033    20.6    19.8    19.5    18.9    18.5
04136 20240824  2.622 -117.53   47.42    21.0     3.6    12.3    13.5     0.0    18.01 C    36.9     1.9    15.9    87.6    31.6    60.4   0.021   0.058   0.049   0.027   0.034    17.5    18.0    18.1    18.3    18.1
04136 20240825  2.622 -117.53   47.42    23.2     2.9    13.1    13.3     0.0    18.49 C    45.1     1.7    16.9    90.2    31.7    62.0   0.026   0.058   0.048   0.026   0.033    17.6    17.7    17.6    17.7    17.6
04136 20240826  2.622 -117.53   47.42    26.5     1.2    13.9    14.7     0.0    20.24 C    45.2    -0.3    18.7    88.6    18.9    52.6   0.031   0.058   0.048   0.025   0.032    17.6    17.6    17.3    17.4    17.3
04136 20240827  2.622 -117.53   47.42    22.2     1.5    11.8    14.5     0.0    10.92 C    36.4    -1.7    15.1    68.9    14.7    41.4   0.032   0.058   0.047   0.026   0.032    16.9    17.3    17.2    17.3    17.2
04136 20240828  2.622 -117.53   47.42    22.2     0.1    11.1    12.6     0.0    18.11 C    42.1    -2.1    15.6    66.5    20.5    42.4   0.031   0.057   0.048   0.025   0.033    16.3    16.5    16.5    16.8    16.8
04136 20240829  2.622 -117.53   47.42    26.4    -1.3    12.6    13.2     0.0    20.59 C    46.8    -3.0    17.5    77.5    18.0    45.6   0.032   0.058   0.047   0.025   0.030    16.7    16.6    16.3    16.6    16.5
04136 20240830  2.622 -117.53   47.42    31.5    -0.3    15.6    16.2     0.0    20.50 C    49.9    -1.8    19.8    80.4     9.8    41.1   0.033   0.058   0.048   0.025   0.030    17.7    17.1    16.7    16.6    16.5
04136 20240831  2.622 -117.53   47.42    34.9     2.2    18.6    19.0     0.0    20.24 C    53.0     1.1    22.6    69.2     9.7    36.9   0.034   0.059   0.048   0.025   0.031    18.9    17.8    17.2    16.7    16.6
04136 20240901  2.622 -117.53   47.42    35.5     3.1    19.3    19.7     0.0    19.79 C    53.9     1.7    23.1    72.4     9.0    37.6   0.034   0.060   0.048   0.025   0.031    19.7    18.5    17.8    17.0    16.8
04136 20240902  2.622 -117.53   47.42    31.6     4.8    18.2    19.7     0.0     8.91 C    42.3     3.4    19.6    67.6    14.9    36.3   0.034   0.059   0.048 -99.000   0.030    18.6    18.1    17.8    16.9    17.0
04136 20240903  2.622 -117.53   47.42    27.7     6.6    17.1    19.1     0.0    15.99 C    44.9     6.0    22.0    69.8    26.2    47.9   0.033   0.060   0.048 -99.000   0.031    20.0    18.6    18.0    16.9    17.0
04136 20240904  2.622 -117.53   47.42    31.8     4.1    18.0    18.0     0.0    18.63 C    50.2     2.9    21.7    77.7    15.9    44.4   0.032   0.059   0.048 -99.000   0.031    19.6    18.6    18.0    17.2    17.1
04136 20240905  2.622 -117.53   47.42    34.0     4.3    19.2    19.2     0.0    19.02 C    52.6     2.6    22.7    72.9    11.4    40.0   0.029   0.060   0.048   0.025   0.031    19.9    18.7    18.1    17.4    17.2
04136 20240906  2.622 -117.53   47.42    34.7     4.8    19.8    19.7     0.0    16.49 C    51.0     3.5    22.4    71.1    11.8    40.1   0.028   0.060   0.048   0.025   0.031    20.0    18.9    18.3    17.6    17.3
04136 20240907  2.622 -117.53   47.42    35.5     5.1    20.3    20.0     0.0    17.05 C    52.7     3.2    22.9    71.7     8.9    38.1   0.026   0.059   0.048   0.025   0.031    20.2    19.0    18.4    17.6    17.3
04136 20240908  2.622 -117.53   47.42    32.5     6.3    19.4    19.2     0.0    10.66 C    47.3     4.9    20.5    64.6    13.6    38.4   0.024   0.059   0.048 -99.000   0.032    19.7    18.8    18.4    17.7    17.4
04136 20240909  2.622 -117.53   47.42    30.1     7.7    18.9    19.8     0.0    16.75 C    45.1     6.1    21.4    64.6    16.9    41.0   0.025   0.058   0.048 -99.000   0.030    19.9    18.8    18.3    17.2    17.4
04136 20240910  2.622 -117.53   47.42    27.6     6.9    17.2    17.9     0.0    18.09 C    49.2     5.5    20.8    67.5    23.1    43.8   0.024   0.058   0.048 -99.000   0.029    19.8    18.7    18.3    17.3    17.4
04136 20240911  2.622 -117.53   47.42    22.3     7.0    14.6    15.2     1.0     9.25 C    37.7     6.5    17.8    88.2    27.2    51.7   0.021   0.057   0.048 -99.000   0.028    18.7    18.2    18.1    17.2    17.3
04136 20240912  2.622 -117.53   47.42    22.2    11.4    16.8    15.6     0.5     9.13 C    32.1    10.8    16.9    88.8    28.5    61.8   0.021   0.056   0.048 -99.000   0.029    18.0    17.7    17.6    17.1    17.2
04136 20240913  2.622 -117.53   47.42    22.6     5.0    13.8    14.7     0.0    15.93 C    38.4     2.2    17.6    75.4    29.3    55.8   0.022   0.056   0.046 -99.000   0.028    17.8    17.4    17.3    17.0    16.9
04136 20240914  2.622 -117.53   47.42    22.6     3.8    13.2    12.4     1.2    10.13 C    31.9     2.1    13.1    86.1    32.7    67.4   0.025   0.056   0.045 -99.000   0.029    16.3    16.6    16.7    16.6    16.7
04136 20240915  2.622 -117.53   47.42    19.9     1.3    10.6    11.2     0.0     7.62 C    31.1     0.2    12.3    89.6    40.2    69.3   0.026   0.055   0.045 -99.000   0.029    14.9    15.6    15.8    16.0    16.3
04136 20240916  2.622 -117.53   47.42    25.7     1.6    13.7    13.9     0.0    15.53 C    42.5     0.7    16.8    89.7    27.0    59.9   0.027   0.055   0.045 -99.000   0.027    15.6    15.5    15.5    15.6    15.9
04136 20240917  2.622 -117.53   47.42    21.0     2.8    11.9    13.9     0.0    12.71 C    40.1     1.4    16.8    86.7    34.5    57.2   0.028   0.056   0.045 -99.000   0.027    16.2    15.9    15.9    15.6    15.8
04136 20240918  2.622 -117.53   47.42    24.0     5.1    14.5    15.2     0.0    16.36 C    39.1     2.4    17.8    85.9    29.8    56.6   0.029   0.056   0.046   0.024   0.027    17.0    16.3    16.2    15.9    15.8
04136 20240919  2.622 -117.53   47.42    24.2     2.1    13.1    14.4     0.0    16.01 C    39.5     0.6    16.0    85.1    27.3    52.2   0.023   0.056   0.045 -99.000   0.028    16.2    16.0    16.1    15.8    15.9
04136 20240920  2.622 -117.53   47.42    21.9    -1.5    10.2    12.8     0.0    14.35 C    39.2    -3.4    14.1    65.6    19.2    41.0   0.022   0.055   0.045 -99.000   0.028    15.7    15.7    15.9    15.7    15.8
04136 20240921  2.622 -117.53   47.42    20.6    -5.0     7.8     8.1     0.0    14.57 C    37.7    -7.4    10.4    70.1    13.1    39.7   0.021   0.055   0.045 -99.000   0.027    13.5    14.4    14.8    15.2    15.4
04136 20240922  2.622 -117.53   47.42    24.0    -3.0    10.5    11.3     0.0    14.15 C    38.9    -4.4    13.5    61.6    20.4    40.2   0.023   0.055   0.044 -99.000   0.026    13.9    14.2    14.3    14.7    15.0
04136 20240923  2.622 -117.53   47.42    25.6     4.2    14.9    14.8     0.0    14.57 C    41.2     1.7    16.8    76.5    29.0    52.5   0.025   0.055   0.044 -99.000   0.024    15.5    14.9    14.9    14.9    14.9
04136 20240924  2.622 -117.53   47.42    30.7     3.4    17.1    17.0     0.0    15.00 C    45.3     2.4    19.3    78.4    22.8    51.1   0.025   0.055   0.044   0.024   0.025    16.5    15.6    15.4    15.2    15.1
04136 20240925  2.622 -117.53   47.42    30.3     8.4    19.4    19.8     0.7    10.72 C    43.4     6.8    20.7    77.3    17.9    48.0   0.026   0.055   0.046   0.023   0.025    17.7    16.4    16.2    15.5    15.3
04136 20240926  2.622 -117.53   47.42    19.3     2.5    10.9    11.3     0.0    15.42 C    33.3     1.0    12.6    81.2    24.2    54.6   0.022   0.055   0.045   0.023   0.026    15.5    15.7    15.9    15.7    15.5
04136 20240927  2.622 -117.53   47.42    23.5     0.4    11.9    11.9     0.0    13.55 C    37.6    -1.5    13.2    75.8    28.3    53.6   0.020   0.054   0.044   0.025   0.025    14.5    14.7    15.0    15.3    15.2
04136 20240928  2.622 -117.53   47.42    30.2    -0.5    14.8    15.1     0.0    13.98 C    43.0    -1.6    16.4    81.8    21.3    52.9   0.021   0.055   0.044   0.026   0.024    14.7    14.5    14.7    15.0    15.0
04136 20240929  2.622 -117.53   47.42    18.3    -3.8     7.3    11.9     0.0    12.54 C    30.6    -7.1    12.4    73.5    12.8    40.2   0.024   0.054   0.043   0.026   0.024    14.7    14.8    15.0    15.1    15.0
04136 20240930  2.622 -117.53   47.42    16.6    -8.8     3.9     4.4     0.0    14.69 C    32.8   -10.3     6.5    71.4    18.8    43.5   0.021   0.053   0.043   0.025   0.023    11.4    12.9    13.6    14.5    14.6
04136 20241001  2.622 -117.53   47.42    22.7    -5.1     8.8    11.4     0.0    14.20 C    35.5    -7.1    12.7    60.0    10.8    31.7   0.020   0.052   0.042   0.022   0.024    11.8    12.4    12.9    13.9    14.1
04136 20241002  2.622 -117.53   47.42    18.0    -5.1     6.5     8.4     0.0    14.33 C    32.4    -7.0     8.7    78.0    17.7    42.2   0.021   0.052   0.043 -99.000   0.024    12.4    12.9    13.3    13.6    13.9
04136 20241003  2.622 -117.53   47.42    18.9    -8.1     5.4     5.0     0.0    13.66 C    33.3    -9.9     6.5    63.4    15.5    41.4   0.019   0.052   0.041 -99.000   0.039    10.3    11.7    12.4    13.2    13.6
04136 20241004  2.622 -117.53   47.42    18.6    -5.7     6.5     6.2     4.1     6.73 C    29.4    -8.4     5.7    84.1    21.3    62.3   0.017   0.051   0.040 -99.000   0.033     9.4    10.9    11.6    12.8    13.2
04136 20241005  2.622 -117.53   47.42    16.8    -1.3     7.8     7.3     0.0    12.85 C    26.3    -2.4     7.9    87.6    35.3    69.4   0.020   0.052   0.041 -99.000   0.038    10.0    10.9    11.4    12.4    12.8
04136 20241006  2.622 -117.53   47.42    20.8    -3.1     8.9     7.9     0.0    12.02 C    31.4    -4.5     8.3    89.7    22.5    60.8   0.023   0.051   0.040 -99.000   0.042     9.5    10.6    11.2    12.3    12.6
04136 20241007  2.622 -117.53   47.42    24.0    -5.1     9.5     8.4     0.0    13.22 C    34.5    -6.4     9.2    83.2    23.5    58.1   0.024   0.051   0.040 -99.000   0.041     9.4    10.4    11.0    12.0    12.3
04136 20241008  2.622 -117.53   47.42    25.0    -2.2    11.4    10.8     0.0    12.43 C    35.4    -3.7    11.4    81.8    22.8    55.6   0.026   0.051   0.040 -99.000   0.041    10.2    10.7    11.2    11.9    12.2
04136 20241009  2.622 -117.53   47.42    19.0     0.5     9.7    10.5     0.0     6.72 C    28.1    -2.8     9.6    86.4    44.2    66.5   0.027   0.052   0.040 -99.000   0.043    10.8    11.2    11.6    12.0    12.3
04136 20241010  2.622 -117.53   47.42    17.8    -5.6     6.1     5.3     0.0    12.77 C    29.8    -8.3     5.9    88.7    17.2    55.5   0.027   0.051   0.040 -99.000   0.042     9.0    10.4    11.1    11.7    12.2
04136 20241011  2.622 -117.53   47.42    18.8    -4.4     7.2     7.5     0.0     9.10 C    31.0    -6.4     8.7    75.9    32.7    55.4   0.027   0.050   0.040 -99.000   0.040     8.7     9.8    10.4    11.4    11.8
04136 20241012  2.622 -117.53   47.42    23.2    -3.0    10.1     9.3     0.0    12.05 C    34.5    -4.7     9.8    82.6    22.7    54.5   0.028   0.051   0.040 -99.000   0.040     9.8    10.3    10.7    11.3    11.7
04136 20241013  2.622 -117.53   47.42    22.4    -3.6     9.4     8.2     0.0    11.41 C    33.1    -5.1     8.9    79.1    27.0    56.4   0.028   0.052   0.040 -99.000   0.040     9.5    10.2    10.7    11.2    11.7
04136 20241014  2.622 -117.53   47.42    23.6    -3.3    10.2     9.3     0.0    11.09 C    33.4    -4.5     9.4    79.3    22.8    54.2   0.029   0.051   0.040 -99.000   0.040     9.6    10.2    10.7    11.1    11.6
04136 20241015  2.622 -117.53   47.42    22.2    -1.3    10.4    10.6     0.0     7.59 C    30.7    -2.9    11.1    77.7    29.1    55.4   0.029   0.052   0.041 -99.000   0.040    10.1    10.4    10.8    11.3    11.6
04136 20241016  2.622 -117.53   47.42    13.2    -1.7     5.8     8.5     7.3     4.09 C    16.4    -3.1     8.0    87.0    64.5    79.2   0.034   0.052   0.041 -99.000   0.041    10.8    11.1    11.4    11.4    11.7
04136 20241017  2.622 -117.53   47.42    11.4    -5.6     2.9     2.9     0.0     8.17 C    20.4    -6.9     2.9    87.9    34.2    70.8   0.055   0.052   0.040 -99.000   0.041     7.3     9.2    10.0    11.1    11.5
04136 20241018  2.622 -117.53   47.42    10.8    -7.7     1.5     4.1     0.0     6.67 C    18.3    -8.3     4.1    85.8    43.6    62.8   0.057   0.051   0.039 -99.000   0.042     5.7     7.7     8.7    10.4    10.9
04136 20241019  2.622 -117.53   47.42    18.1     7.5    12.8    13.3     0.0     6.94 C    25.4     4.3    12.7    60.8    38.3    51.6   0.063   0.052   0.039 -99.000   0.042     9.6     9.4     9.6    10.2    10.6
04136 20241020  2.622 -117.53   47.42    23.8     1.8    12.8    15.5     0.0     9.36 C    30.9    -0.2    14.0    80.1    29.0    50.2   0.064   0.053   0.041 -99.000   0.041    10.9    10.5    10.7    10.6    11.0
04136 20241021  2.622 -117.53   47.42    14.9     5.6    10.2    10.2     5.3     2.99 C    16.0     2.9     9.2    86.6    55.9    75.4   0.073   0.054   0.041 -99.000   0.041    11.0    11.1    11.2    11.1    11.3
04136 20241022  2.622 -117.53   47.42    11.8    -6.4     2.7     3.4     0.0    10.73 C    20.7    -7.5     3.5    86.0    36.2    70.7   0.081   0.053   0.041 -99.000   0.042     7.6     9.2    10.0    10.9    11.2
04136 20241023  2.622 -117.53   47.42     8.1    -7.8     0.1    -0.6     0.0     5.41 C    13.1    -8.0    -0.8    87.9    60.5    79.2   0.078   0.052   0.039 -99.000   0.042     4.4     7.0     8.2    10.1    10.6
04136 20241024  2.622 -117.53   47.42 -9999.0 -9999.0 -9999.0 -9999.0     0.0 -9999.00 U -9999.0 -9999.0 -9999.0 -9999.0 -9999.0 -9999.0 -99.000 -99.000 -99.000 -99.000 -99.000 -9999.0 -9999.0 -9999.0 -9999.0 -9999.0
04136 20241025  2.622 -117.53   47.42    14.0    -4.4     4.8     4.0     0.0     8.15 C    20.5    -6.0     3.1    83.4    35.3    65.7   0.077   0.050   0.039 -99.000   0.043     4.5     6.0     6.9     8.7     9.2
04136 20241026  2.622 -117.53   47.42    20.3    -1.0     9.7     9.2     0.0     8.82 C    31.4    -3.3     8.1    85.6    28.6    60.4   0.079   0.053   0.040 -99.000   0.044     6.6     7.1     7.6     8.5     9.1
04136 20241027  2.622 -117.53   47.42    12.6     3.3     7.9     9.1     0.7     5.13 C    17.3    -2.5     6.5    80.9    44.2    61.0   0.080   0.054   0.041 -99.000   0.042     7.4     7.9     8.4     8.9     9.3
04136 20241028  2.622 -117.53   47.42    10.4    -5.6     2.4     3.4     0.0     4.64 C    15.6    -8.6     1.6    84.9    46.1    71.6   0.079   0.055   0.040 -99.000   0.042     6.1     7.3     8.0     9.0     9.3
04136 20241029  2.622 -117.53   47.42     9.6    -7.6     1.0     0.5     0.0     4.86 C    19.9    -9.3    -0.2    88.8    51.4    77.8   0.077   0.054   0.039 -99.000   0.043     4.2     6.0     6.9     8.6     9.0
04136 20241030  2.622 -117.53   47.42    11.3    -8.4     1.5     3.2     1.4     8.04 C    16.6   -10.2     2.1    88.3    32.5    62.2   0.076   0.053   0.038 -99.000   0.042     3.4     5.2     6.1     8.0     8.5
04136 20241031  2.622 -117.53   47.42     6.2     1.0     3.6     3.6     7.0     2.36 C     9.9    -1.2     3.9    88.2    65.7    82.7   0.104   0.055   0.039 -99.000   0.041     5.3     6.1     6.7     7.8     8.3
04136 20241101  2.622 -117.53   47.42     8.2     3.1     5.6     5.7     9.1     1.41 C     9.1     2.5     5.3    84.7    72.7    80.5   0.149   0.062   0.039 -99.000   0.043     5.9     6.5     6.9     8.0     8.3
04136 20241102  2.622 -117.53   47.42     8.6     2.3     5.4     5.6     8.7     2.29 C    11.4     0.0     4.9    86.7    66.2    81.9   0.193   0.123   0.061 -99.000   0.044     6.5     7.0     7.3     8.1     8.4
04136 20241103  2.622 -117.53   47.42     8.8    -3.1     2.8     3.0     0.0     5.04 C    14.3    -5.6     3.5    89.0    57.7    80.3   0.173   0.131   0.115 -99.000   0.044     6.2     6.8     7.0     8.1     8.4
04136 20241104  2.622 -117.53   47.42     7.0    -2.6     2.2     3.7     8.3     0.87 C     6.1    -5.4     1.8    88.1    61.9    77.4   0.183   0.134   0.141 -99.000   0.043     4.5     5.8     6.3     7.8     8.2
04136 20241105  2.622 -117.53   47.42     8.5    -6.8     0.9     1.9     0.0     6.86 C    15.3    -8.8     0.4    84.5    31.0    61.1   0.183   0.160   0.163 -99.000   0.042     4.4     5.4     5.9     7.4     7.8
04136 20241106  2.622 -117.53   47.42     7.2    -8.2    -0.5    -2.1     0.0     7.28 C    11.9    -9.2    -2.8    85.4    42.0    72.7   0.168   0.180   0.158 -99.000   0.041     2.3     4.1     4.8     6.8     7.3
04136 20241107  2.622 -117.53   47.42     9.5    -6.6     1.5     0.2     0.0     7.97 C    14.8    -8.1    -1.3    86.1    37.6    69.9   0.161   0.178   0.156 -99.000   0.041     1.8     3.4     4.0     6.1     6.7
04136 20241108  2.622 -117.53   47.42    11.4    -5.9     2.8     1.4     0.0     7.36 C    16.1    -7.5     0.4    86.6    43.2    72.7   0.158   0.177   0.154 -99.000   0.041     2.0     3.2     3.8     5.6     6.2
04136 20241109  2.622 -117.53   47.42     8.3    -4.8     1.7     2.2     0.4     2.84 C    11.1    -6.3     2.2    90.9    65.9    84.3   0.158   0.178   0.154 -99.000   0.041     2.7     3.5     3.9     5.4     6.0
04136 20241110  2.622 -117.53   47.42     7.9     3.1     5.5     6.0     0.2     0.88 C     8.7     2.6     5.2    90.3    74.5    81.8   0.159   0.178   0.154 -99.000   0.040     4.6     4.6     4.8     5.6     6.1
04136 20241111  2.622 -117.53   47.42    10.0     3.1     6.6     7.3     0.5     0.69 C     9.0    -0.4     5.0    79.4    56.7    70.8   0.158   0.178   0.154 -99.000   0.041     5.4     5.5     5.6     6.0     6.4
04136 20241112  2.622 -117.53   47.42     9.3     1.1     5.2     5.0     0.0     5.94 C    13.6    -3.3     2.9    82.9    53.1    71.1   0.157   0.178   0.154 -99.000   0.042     4.5     5.2     5.5     6.3     6.6
04136 20241113  2.622 -117.53   47.42     6.2     4.4     5.3     5.4    18.5     0.12 C     5.5     0.8     4.2    85.0    56.0    74.5   0.193   0.198   0.172 -99.000   0.043     4.6     5.1     5.4     6.3     6.6
04136 20241114  2.622 -117.53   47.42     9.8    -4.3     2.7     4.7     0.0     5.32 C    14.1    -6.7     2.5    88.4    52.9    70.6   0.205   0.233   0.205 -99.000   0.044     4.9     5.4     5.6     6.3     6.6
04136 20241115  2.622 -117.53   47.42     6.5    -5.8     0.4     0.5     0.9     4.83 C    12.4    -7.2     0.7    90.5    66.7    84.6   0.193   0.226   0.198 -99.000   0.079     3.3     4.4     4.8     6.1     6.4
04136 20241116  2.622 -117.53   47.42     3.5    -2.0     0.8     1.2     6.3     5.35 C     8.2    -4.5     1.4    90.9    62.1    78.8   0.191   0.223   0.195 -99.000   0.119     3.6     4.3     4.7     5.7     6.1
04136 20241117  2.622 -117.53   47.42     6.6     0.6     3.6     3.9     2.8     0.35 C     5.8    -1.1     2.6    88.5    73.3    84.3   0.212   0.236   0.207 -99.000   0.132     3.7     4.3     4.6     5.6     6.0
04136 20241118  2.622 -117.53   47.42     4.0    -1.7     1.1     0.9     0.0     1.62 C     6.2    -5.6     0.3    84.2    58.0    79.2   0.205   0.237   0.209 -99.000   0.148     3.4     4.2     4.6     5.5     5.9
04136 20241119  2.622 -117.53   47.42     4.0    -3.8     0.1     0.4     0.0     4.60 C     6.4    -7.9    -1.2    84.9    51.1    67.8   0.197   0.229   0.202 -99.000   0.151     2.2     3.4     4.0     5.2     5.6
04136 20241120  2.622 -117.53   47.42     6.7     0.5     3.6     4.0     5.7     1.10 C     7.3    -0.1     2.6    87.2    51.2    73.1   0.204   0.231   0.203 -99.000   0.152     2.8     3.4     3.8     4.9     5.3
04136 20241121  2.622 -117.53   47.42     7.8     2.6     5.2     5.6     4.0     1.26 C    10.4    -0.2     4.9    90.2    77.9    85.7   0.215   0.242   0.214 -99.000   0.097     4.5     4.4     4.5     5.0     5.4
04136 20241122  2.622 -117.53   47.42    10.0     3.0     6.5     6.5    23.0     0.57 C     9.8     0.8     5.8    89.8    78.3    87.4   0.248   0.274   0.242 -99.000   0.130     5.0     5.0     5.0     5.4     5.6
04136 20241123  2.622 -117.53   47.42     5.9     3.0     4.4     4.3     7.9     0.49 C     7.9     2.6     4.3    90.0    82.2    87.6   0.262   0.298   0.265   0.204   0.176     5.3     5.4     5.5     5.8     5.9
04136 20241124  2.622 -117.53   47.42     6.0     0.9     3.5     2.9     0.9     2.60 C     7.5    -0.2     3.4    90.5    61.6    84.2   0.255   0.296   0.264   0.211   0.186     4.9     5.2     5.4     5.8     6.0
04136 20241125  2.622 -117.53   47.42     7.2     0.7     3.9     3.9     0.5     1.50 C     8.0    -0.7     2.9    88.2    64.9    75.1   0.252   0.294   0.263   0.211   0.186     4.6     5.0     5.2     5.8     6.0
04136 20241126  2.622 -117.53   47.42     2.4     0.7     1.6     1.4     0.2     0.26 C     3.6     0.1     1.9    90.9    86.1    89.0   0.251   0.293   0.262   0.211   0.187     4.1     4.8     5.1     5.8     6.0
04136 20241127  2.622 -117.53   47.42     2.3    -3.1    -0.4     0.4     0.0     1.13 C     7.6    -6.1     0.8    89.1    79.9    85.9   0.249   0.292   0.261   0.211   0.186     3.8     4.5     4.7     5.6     5.8
04136 20241128  2.622 -117.53   47.42     4.3    -4.1     0.1    -0.5     0.0     1.91 C     6.6    -6.2    -0.5    91.2    65.8    85.4   0.248   0.290   0.260   0.209   0.185     3.1     4.0     4.3     5.3     5.6
04136 20241129  2.622 -117.53   47.42    -1.5    -2.8    -2.2    -2.2     0.0     0.31 C    -0.2    -2.4    -1.2    90.2    80.1    86.8   0.246   0.288   0.258   0.208   0.185     2.2     3.3     3.8     5.0     5.3
04136 20241130  2.622 -117.53   47.42     0.4    -3.0    -1.3    -1.5     0.0     1.84 C     5.5    -5.1    -0.6    86.8    75.9    82.6   0.245   0.287   0.257   0.207   0.184     2.1     3.1     3.5     4.6     5.0
04136 20241201  2.622 -117.53   47.42     6.6    -5.1     0.7    -0.5     0.0     5.43 C     8.7    -6.7    -0.5    92.0    53.9    81.3   0.244   0.285   0.256 -99.000   0.182     1.8     2.8     3.3     4.4     4.7
04136 20241202  2.622 -117.53   47.42    -1.1    -3.1    -2.1    -1.9     0.0     0.70 C     1.9    -1.9    -0.5    90.4    87.9    89.1   0.243   0.285   0.255 -99.000   0.183     1.9     2.8     3.1     4.2     4.5
04136 20241203  2.622 -117.53   47.42    -0.6    -2.3    -1.4    -1.4     0.0     0.38 C     1.7    -1.2    -0.4    89.1    82.0    85.9   0.242   0.284   0.254 -99.000   0.183     1.9     2.7     3.1     4.1     4.4
04136 20241204  2.622 -117.53   47.42    -0.3    -1.7    -1.0    -1.0     0.0     0.31 C     1.8    -0.9    -0.1    89.5    82.8    86.7   0.242   0.283   0.254   0.204   0.182     2.0     2.7     3.0     4.0     4.3
04136 20241205  2.622 -117.53   47.42    -0.9    -2.1    -1.5    -1.4     0.0     0.11 C     0.6    -1.5    -0.5    88.9    85.3    86.7   0.241   0.282   0.254   0.204   0.181     1.9     2.7     3.0     3.9     4.2
04136 20241206  2.622 -117.53   47.42    -1.1    -2.4    -1.8    -1.8     0.0     0.53 C     0.0    -1.7    -0.9    89.2    82.2    86.3   0.241   0.282   0.253   0.203   0.181     1.7     2.5     2.8     3.8     4.1
04136 20241207  2.622 -117.53   47.42 -9999.0 -9999.0 -9999.0 -9999.0 -9999.0 -9999.00 U -9999.0 -9999.0 -9999.0 -9999.0 -9999.0 -9999.0 -99.000 -99.000 -99.000 -99.000 -99.000 -9999.0 -9999.0 -9999.0 -9999.0 -9999.0
04136 20241208 -9.000 -117.53   47.42 -9999.0 -9999.0 -9999.0 -9999.0 -9999.0 -9999.00 U -9999.0 -9999.0 -9999.0 -9999.0 -9999.0 -9999.0 -99.000 -99.000 -99.000 -99.000 -99.000 -9999.0 -9999.0 -9999.0 -9999.0 -9999.0
04136 20241209 -9.000 -117.53   47.42 -9999.0 -9999.0 -9999.0 -9999.0 -9999.0 -9999.00 U -9999.0 -9999.0 -9999.0 -9999.0 -9999.0 -9999.0 -99.000 -99.000 -99.000 -99.000 -99.000 -9999.0 -9999.0 -9999.0 -9999.0 -9999.0
04136 20241210  2.622 -117.53   47.42 -9999.0 -9999.0 -9999.0 -9999.0 -9999.0 -9999.00 U -9999.0 -9999.0 -9999.0 -9999.0 -9999.0 -9999.0 -99.000 -99.000 -99.000 -99.000 -99.000 -9999.0 -9999.0 -9999.0 -9999.0 -9999.0
04136 20241211  2.622 -117.53   47.42     3.8    -7.0    -1.6    -1.3     0.0     3.44 C     9.9    -8.5    -1.8    90.4    62.5    84.5   0.245   0.290 -99.000 -99.000   0.186     2.0     2.7     3.0     3.9     4.0
04136 20241212  2.622 -117.53   47.42     1.8    -6.9    -2.6    -1.1     0.6     1.55 C     4.2    -7.8    -1.3    88.2    76.9    84.5   0.243   0.285   0.256   0.207   0.184     1.1     2.2     2.5     3.6     3.9
04136 20241213  2.622 -117.53   47.42     4.0    -2.7     0.6     0.7     2.4     1.04 C     2.6    -5.5    -0.2    88.1    70.2    83.7   0.246   0.289   0.258 -99.000   0.185     1.3     2.0     2.3     3.3     3.7
04136 20241214  2.622 -117.53   47.42     8.9     1.6     5.3     5.0     4.4     2.95 C     9.8    -0.6     3.2    84.4    56.7    75.0   0.259   0.302   0.270 -99.000   0.197     2.5     2.6     2.7     3.3     3.6
04136 20241215  2.622 -117.53   47.42     4.5    -3.2     0.6     0.8     0.0     2.76 C     9.7    -6.8    -0.1    86.9    57.8    78.3   0.257   0.300   0.270 -99.000   0.192     2.4     2.8     3.1     3.6     3.8
04136 20241216  2.622 -117.53   47.42     0.9    -3.1    -1.1     0.2     5.4     0.41 C     0.0    -3.1    -0.5    90.7    73.3    85.0   0.255   0.300   0.268   0.222   0.194     1.4 -9999.0 -9999.0 -9999.0 -9999.0
04136 20241217  2.622 -117.53   47.42     4.9     0.2     2.5     1.6     8.9     0.32 C     3.8    -0.3     0.6    90.7    85.9    88.7   0.268   0.309   0.276   0.228   0.198     1.6     2.2     2.5     3.3     3.6
04136 20241218  2.622 -117.53   47.42     9.9    -0.2     4.9     6.3     2.8     4.72 C     9.4    -4.0     3.7    87.3    48.9    70.2   0.288   0.334   0.296   0.258   0.218     3.0     2.9     3.0     3.4     3.6
04136 20241219  2.622 -117.53   47.42     6.7    -4.2     1.2     2.1     0.0     2.28 C     7.6    -6.0    -0.2    89.4    64.2    78.7   0.279   0.330   0.294   0.257   0.218     1.9     2.6     2.9     3.6     3.8
04136 20241220  2.622 -117.53   47.42     6.5    -1.7     2.4     2.1     0.0     1.85 C     7.9    -4.5     0.8    89.8    71.6    83.5   0.277   0.328   0.293   0.255   0.217     2.2     2.6     2.8     3.5     3.7
04136 20241221  2.622 -117.53   47.42     4.6    -2.8     0.9     1.5     6.8     0.54 C     4.9    -5.2     0.0    91.0    79.8    87.2   0.282   0.331   0.295   0.257   0.218     1.8     2.4     2.7     3.4     3.7
04136 20241222  2.622 -117.53   47.42     7.1    -1.4     2.9     3.2     4.5     2.24 C    10.9    -3.1     2.5    91.7    76.9    87.7   0.288   0.337   0.300   0.265   0.222     2.4     2.6     2.7     3.3     3.6
04136 20241223  2.622 -117.53   47.42     6.9    -0.5     3.2     4.2     0.2     2.07 C    10.0    -1.5     3.4    90.9    71.9    86.1   0.291   0.342   0.304   0.271   0.227     3.3     3.3     3.3     3.6     3.8
04136 20241224  2.622 -117.53   47.42     6.1     1.8     4.0     4.4    16.5     0.29 C     7.2     1.8     3.8    89.1    67.1    84.6   0.310   0.355   0.316   0.284   0.237     3.5     3.5     3.6     3.9     4.0
04136 20241225  2.622 -117.53   47.42     3.9     0.4     2.2     2.1     0.0     1.19 C     4.4    -1.2     1.7    89.3    74.2    81.2   0.300   0.353   0.314   0.284   0.237     3.2     3.5     3.6     4.0     4.1
04136 20241226  2.622 -117.53   47.42     6.4    -0.3     3.0     3.8     7.6     0.55 C     5.6    -1.5     1.9    87.1    69.5    78.1   0.305   0.356   0.317   0.287   0.239     2.9     3.3     3.4     4.0     4.1
04136 20241227  2.622 -117.53   47.42     4.3    -0.6     1.9     2.2     2.4     1.00 C     6.4    -2.6     1.9    91.2    82.6    87.9   0.300   0.353   0.315   0.285   0.237     2.7     3.1     3.3     3.9     4.0
04136 20241228  2.622 -117.53   47.42     7.4     1.2     4.3     4.5     3.5     2.93 C     9.1    -1.7     2.6    89.3    69.8    80.6   0.303   0.355   0.316   0.287   0.239     3.2     3.4     3.5     3.9     4.1
04136 20241229  2.622 -117.53   47.42     3.7     0.2     1.9     1.8    16.5     1.01 C     2.2    -1.7     1.0    90.2    74.8    87.0   0.311   0.360   0.321   0.290   0.242     2.5     3.1     3.3     3.9     4.1
04136 20241230  2.622 -117.53   47.42     4.3    -3.1     0.6     0.4     1.7     4.15 C    10.1    -5.7     0.3    90.8    67.0    85.0   0.308   0.360   0.321   0.292   0.244     2.4     2.9     3.1     3.7     3.9
04136 20241231  2.622 -117.53   47.42     3.7    -3.0     0.3    -0.3     0.0     1.57 C     6.0    -5.6    -0.8    91.5    64.8    86.9   0.299   0.353   0.315   0.285   0.237     1.8     2.5     2.7     3.6     3.8
